# BEGIN PLOT
XTwosidedTicks=1
YTwosidedTicks=1
Title=$Z\rightarrow ee$, dressed level, $66\,\text{GeV}\leq m_{\ell\ell} < 116\,\text{GeV}$, $|y_{\ell\ell}| < 0.4$
RatioPlotReference=/ATLAS_2015_I1408516/d05-x01-y01
RatioPlot=1
LogX=1
LogY=1
LegendXPos=0.05
XLabel=$\phi^\ast_\eta$
YLabel=$1/\sigma$ $\text{d}\sigma/\text{d}\phi^\ast_\eta$
XMin=0.001
DrawOnly=/ATLAS_2015_I1408516/d05-x01-y01 //afs/desy.de/user/m/mendizam/ATLAS/POWHEG/YODA_files/hdampDef_pT25_test.yoda/ATLAS_2015_I1408516/d05-x01-y01
LegendYPos=0.3
Legend=1
LegendOnly=/ATLAS_2015_I1408516/d05-x01-y01 //afs/desy.de/user/m/mendizam/ATLAS/POWHEG/YODA_files/hdampDef_pT25_test.yoda/ATLAS_2015_I1408516/d05-x01-y01
# END PLOT

# BEGIN HISTO1D /ATLAS_2015_I1408516/d05-x01-y01
ConnectBins=0
ErrorBars=1
IsRef=1
Path=/ATLAS_2015_I1408516/d05-x01-y01
PolyMarker=*
Title=Data
# xlow	 xhigh	 val	 errminus	 errplus
0.000000e+00	4.000000e-03	9.252000e+00	4.239799e-02	4.239799e-02
4.000000e-03	8.000000e-03	9.264000e+00	3.930382e-02	3.930382e-02
8.000000e-03	1.200000e-02	9.001000e+00	3.818801e-02	3.818801e-02
1.200000e-02	1.600000e-02	8.810000e+00	3.737766e-02	3.737766e-02
1.600000e-02	2.000000e-02	8.627000e+00	3.660126e-02	3.660126e-02
2.000000e-02	2.400000e-02	8.112000e+00	3.441630e-02	3.441630e-02
2.400000e-02	2.900000e-02	7.778000e+00	3.299926e-02	3.299926e-02
2.900000e-02	3.400000e-02	7.344000e+00	3.115795e-02	3.115795e-02
3.400000e-02	3.900000e-02	6.884000e+00	2.920634e-02	2.920634e-02
3.900000e-02	4.500000e-02	6.367000e+00	2.701289e-02	2.701289e-02
4.500000e-02	5.100000e-02	5.865000e+00	2.488309e-02	2.488309e-02
5.100000e-02	5.700000e-02	5.438000e+00	2.307148e-02	2.307148e-02
5.700000e-02	6.400000e-02	4.954000e+00	2.101804e-02	2.101804e-02
6.400000e-02	7.200000e-02	4.522000e+00	1.918522e-02	1.918522e-02
7.200000e-02	8.100000e-02	4.021000e+00	1.705966e-02	1.705966e-02
8.100000e-02	9.100000e-02	3.572000e+00	1.515471e-02	1.515471e-02
9.100000e-02	1.020000e-01	3.145000e+00	1.334310e-02	1.334310e-02
1.020000e-01	1.140000e-01	2.764000e+00	1.172666e-02	1.172666e-02
1.140000e-01	1.280000e-01	2.394000e+00	1.015688e-02	1.015688e-02
1.280000e-01	1.450000e-01	2.023000e+00	8.582862e-03	8.582862e-03
1.450000e-01	1.650000e-01	1.697000e+00	7.199761e-03	7.199761e-03
1.650000e-01	1.890000e-01	1.396000e+00	5.922726e-03	5.922726e-03
1.890000e-01	2.190000e-01	1.111000e+00	4.713574e-03	4.713574e-03
2.190000e-01	2.580000e-01	8.510000e-01	3.610487e-03	3.610487e-03
2.580000e-01	3.120000e-01	6.180000e-01	2.832032e-03	2.832032e-03
3.120000e-01	3.910000e-01	4.110000e-01	2.095697e-03	2.095697e-03
3.910000e-01	5.240000e-01	2.410000e-01	1.228864e-03	1.228864e-03
5.240000e-01	6.950000e-01	1.260000e-01	7.767162e-04	7.767162e-04
6.950000e-01	9.180000e-01	6.350000e-02	4.999995e-04	4.999995e-04
9.180000e-01	1.153000e+00	3.350000e-02	3.333208e-04	3.333208e-04
1.153000e+00	1.496000e+00	1.780000e-02	1.949892e-04	1.949892e-04
1.496000e+00	1.947000e+00	8.830000e-03	1.147900e-04	1.147900e-04
1.947000e+00	2.522000e+00	4.510000e-03	7.915018e-05	7.915018e-05
2.522000e+00	3.277000e+00	2.390000e-03	4.857054e-05	4.857054e-05
3.277000e+00	5.000000e+00	1.030000e-03	2.125896e-05	2.125896e-05
5.000000e+00	1.000000e+01	3.060000e-04	6.944245e-06	6.944245e-06
# END HISTO1D


# BEGIN HISTO1D //afs/desy.de/user/m/mendizam/ATLAS/POWHEG/YODA_files/hdampDef_pT25_test.yoda/ATLAS_2015_I1408516/d05-x01-y01
LineColor=red
LineStyle=solid
Path=//afs/desy.de/user/m/mendizam/ATLAS/POWHEG/YODA_files/hdampDef_pT25_test.yoda/ATLAS_2015_I1408516/d05-x01-y01
ScaledBy=3.19184073582916462e-07
Title=hdampDef_pT25_test
XLabel=~
YLabel=~
# xlow	 xhigh	 val	 errminus	 errplus
0.000000e+00	4.000000e-03	5.787403e+01	2.406894e+00	2.406894e+00
4.000000e-03	8.000000e-03	5.019685e+00	7.028965e-01	7.028965e-01
8.000000e-03	1.200000e-02	3.248032e+00	5.654097e-01	5.654097e-01
1.200000e-02	1.600000e-02	4.921260e+00	6.959713e-01	6.959713e-01
1.600000e-02	2.000000e-02	3.543308e+00	5.905512e-01	5.905512e-01
2.000000e-02	2.400000e-02	3.937007e+00	6.224956e-01	6.224956e-01
2.400000e-02	2.900000e-02	3.464566e+00	5.340417e-01	5.340417e-01
2.900000e-02	3.400000e-02	4.015748e+00	5.623172e-01	5.623172e-01
3.400000e-02	3.900000e-02	3.543308e+00	5.282050e-01	5.282050e-01
3.900000e-02	4.500000e-02	4.133858e+00	5.208172e-01	5.208172e-01
4.500000e-02	5.100000e-02	3.346457e+00	4.776975e-01	4.776975e-01
5.100000e-02	5.700000e-02	5.314960e+00	5.905513e-01	5.905513e-01
5.700000e-02	6.400000e-02	4.274466e+00	4.967244e-01	4.967244e-01
6.400000e-02	7.200000e-02	4.379921e+00	4.694583e-01	4.694583e-01
7.200000e-02	8.100000e-02	4.505687e+00	4.482480e-01	4.482480e-01
8.100000e-02	9.100000e-02	4.055118e+00	3.995626e-01	3.995626e-01
9.100000e-02	1.020000e-01	2.899069e+00	3.260714e-01	3.260714e-01
1.020000e-01	1.140000e-01	2.887139e+00	3.146871e-01	3.146871e-01
1.140000e-01	1.280000e-01	2.587176e+00	2.783885e-01	2.783885e-01
1.280000e-01	1.450000e-01	1.968504e+00	2.135143e-01	2.135143e-01
1.450000e-01	1.650000e-01	1.437008e+00	1.704774e-01	1.704774e-01
1.650000e-01	1.890000e-01	1.640420e+00	1.656743e-01	1.656743e-01
1.890000e-01	2.190000e-01	1.102362e+00	1.217010e-01	1.217010e-01
2.190000e-01	2.580000e-01	8.378762e-01	9.523503e-02	9.523503e-02
2.580000e-01	3.120000e-01	5.905511e-01	6.561681e-02	6.561681e-02
3.120000e-01	3.910000e-01	3.388816e-01	4.169540e-02	4.169540e-02
3.910000e-01	5.240000e-01	2.368125e-01	2.647644e-02	2.647644e-02
5.240000e-01	6.950000e-01	1.059078e-01	1.595111e-02	1.595111e-02
6.950000e-01	9.180000e-01	4.766780e-02	9.173674e-03	9.173674e-03
9.180000e-01	1.153000e+00	2.512984e-02	6.488497e-03	6.488497e-03
1.153000e+00	1.496000e+00	1.721724e-02	4.732565e-03	4.732565e-03
1.496000e+00	1.947000e+00	4.364754e-03	1.951977e-03	1.951977e-03
1.947000e+00	2.522000e+00	2.738788e-03	1.369394e-03	1.369394e-03
2.522000e+00	3.277000e+00	1.042916e-03	7.374529e-04	7.374529e-04
3.277000e+00	5.000000e+00	2.284973e-04	2.284973e-04	2.284973e-04
5.000000e+00	1.000000e+01	1.574803e-04	1.113554e-04	1.113554e-04
# END HISTO1D

