# BEGIN PLOT
XTwosidedTicks=1
YTwosidedTicks=1
Title=$Z\rightarrow ee$, dressed level, $66\,\text{GeV}\leq m_{\ell\ell} < 116\,\text{GeV}$, $|y_{\ell\ell}| < 2.4$
RatioPlotReference=/ATLAS_2015_I1408516/d39-x01-y01
RatioPlot=1
LogX=1
LogY=1
LegendXPos=0.05
XLabel=$p_\text{T}^{\ell\ell}$ [GeV]
YLabel=$\text{d}\sigma/\text{d} p_\text{T}^{\ell\ell}$ [pb GeV$^{-1}$]
XMin=0.9
DrawOnly=/ATLAS_2015_I1408516/d39-x01-y01 //afs/desy.de/user/m/mendizam/ATLAS/POWHEG/YODA_files/hdampDef_pT25_test.yoda/ATLAS_2015_I1408516/d39-x01-y01
LegendYPos=0.3
Legend=1
LegendOnly=/ATLAS_2015_I1408516/d39-x01-y01 //afs/desy.de/user/m/mendizam/ATLAS/POWHEG/YODA_files/hdampDef_pT25_test.yoda/ATLAS_2015_I1408516/d39-x01-y01
# END PLOT

# BEGIN HISTO1D /ATLAS_2015_I1408516/d39-x01-y01
ConnectBins=0
ErrorBars=1
IsRef=1
Path=/ATLAS_2015_I1408516/d39-x01-y01
PolyMarker=*
Title=Data
# xlow	 xhigh	 val	 errminus	 errplus
0.000000e+00	2.000000e+00	1.375000e+01	4.211183e-01	4.211183e-01
2.000000e+00	4.000000e+00	2.868000e+01	8.459385e-01	8.459385e-01
4.000000e+00	6.000000e+00	2.902000e+01	8.475629e-01	8.475629e-01
6.000000e+00	8.000000e+00	2.547000e+01	7.438810e-01	7.438810e-01
8.000000e+00	1.000000e+01	2.153000e+01	6.288087e-01	6.288087e-01
1.000000e+01	1.200000e+01	1.808000e+01	5.280474e-01	5.280474e-01
1.200000e+01	1.400000e+01	1.519000e+01	4.436416e-01	4.436416e-01
1.400000e+01	1.600000e+01	1.282000e+01	3.755188e-01	3.755188e-01
1.600000e+01	1.800000e+01	1.094000e+01	3.210102e-01	3.210102e-01
1.800000e+01	2.000000e+01	9.396000e+00	2.757050e-01	2.757050e-01
2.000000e+01	2.250000e+01	7.960000e+00	2.358633e-01	2.358633e-01
2.250000e+01	2.500000e+01	6.637000e+00	1.987779e-01	1.987779e-01
2.500000e+01	2.750000e+01	5.654000e+00	1.682006e-01	1.682006e-01
2.750000e+01	3.000000e+01	4.836000e+00	1.470812e-01	1.470812e-01
3.000000e+01	3.300000e+01	4.048000e+00	1.231151e-01	1.231151e-01
3.300000e+01	3.600000e+01	3.457000e+00	1.064397e-01	1.064397e-01
3.600000e+01	3.900000e+01	2.919000e+00	9.128586e-02	9.128586e-02
3.900000e+01	4.200000e+01	2.502000e+00	7.860422e-02	7.860422e-02
4.200000e+01	4.500000e+01	2.154000e+00	6.882696e-02	6.882696e-02
4.500000e+01	4.800000e+01	1.875000e+00	6.023392e-02	6.023392e-02
4.800000e+01	5.100000e+01	1.613000e+00	5.181723e-02	5.181723e-02
5.100000e+01	5.400000e+01	1.427000e+00	4.667839e-02	4.667839e-02
5.400000e+01	5.700000e+01	1.243000e+00	4.090584e-02	4.090584e-02
5.700000e+01	6.100000e+01	1.060000e+00	3.467351e-02	3.467351e-02
6.100000e+01	6.500000e+01	8.972000e-01	2.994552e-02	2.994552e-02
6.500000e+01	7.000000e+01	7.591000e-01	2.518794e-02	2.518794e-02
7.000000e+01	7.500000e+01	6.000000e-01	2.032043e-02	2.032043e-02
7.500000e+01	8.000000e+01	4.979000e-01	1.672974e-02	1.672974e-02
8.000000e+01	8.500000e+01	4.092000e-01	1.391882e-02	1.391882e-02
8.500000e+01	9.500000e+01	3.027000e-01	9.859846e-03	9.859846e-03
9.500000e+01	1.050000e+02	2.173000e-01	7.024540e-03	7.024540e-03
1.050000e+02	1.250000e+02	1.366000e-01	4.330457e-03	4.330457e-03
1.250000e+02	1.500000e+02	7.046000e-02	2.248105e-03	2.248105e-03
1.500000e+02	1.750000e+02	3.569000e-02	1.186391e-03	1.186391e-03
1.750000e+02	2.000000e+02	2.024000e-02	7.109975e-04	7.109975e-04
2.000000e+02	2.500000e+02	9.242000e-03	3.334813e-04	3.334813e-04
2.500000e+02	3.000000e+02	3.468000e-03	1.472573e-04	1.472573e-04
3.000000e+02	3.500000e+02	1.483000e-03	7.962757e-05	7.962757e-05
3.500000e+02	4.000000e+02	6.297000e-04	4.007386e-05	4.007386e-05
4.000000e+02	4.700000e+02	2.945000e-04	2.482375e-05	2.482375e-05
4.700000e+02	5.500000e+02	9.920000e-05	1.105090e-05	1.105090e-05
5.500000e+02	6.500000e+02	3.401000e-05	5.540813e-06	5.540813e-06
6.500000e+02	9.000000e+02	7.920000e-06	1.607838e-06	1.607838e-06
# END HISTO1D


# BEGIN HISTO1D //afs/desy.de/user/m/mendizam/ATLAS/POWHEG/YODA_files/hdampDef_pT25_test.yoda/ATLAS_2015_I1408516/d39-x01-y01
LineColor=red
LineStyle=solid
Path=//afs/desy.de/user/m/mendizam/ATLAS/POWHEG/YODA_files/hdampDef_pT25_test.yoda/ATLAS_2015_I1408516/d39-x01-y01
ScaledBy=3.99999999999706078e-05
Title=hdampDef_pT25_test
XLabel=~
YLabel=~
# xlow	 xhigh	 val	 errminus	 errplus
0.000000e+00	2.000000e+00	6.283245e+01	1.248905e+00	1.248905e+00
2.000000e+00	4.000000e+00	2.294236e+00	2.379011e-01	2.379011e-01
4.000000e+00	6.000000e+00	1.586229e+01	6.284596e-01	6.284596e-01
6.000000e+00	8.000000e+00	2.733347e+01	8.285326e-01	8.285326e-01
8.000000e+00	1.000000e+01	2.286835e+01	7.559410e-01	7.559410e-01
1.000000e+01	1.200000e+01	1.980937e+01	7.059874e-01	7.059874e-01
1.200000e+01	1.400000e+01	1.462884e+01	6.077843e-01	6.077843e-01
1.400000e+01	1.600000e+01	1.396276e+01	5.941130e-01	5.941130e-01
1.600000e+01	1.800000e+01	1.055842e+01	5.174655e-01	5.174655e-01
1.800000e+01	2.000000e+01	9.324960e+00	4.871777e-01	4.871777e-01
2.000000e+01	2.250000e+01	7.677056e+00	3.952003e-01	3.952003e-01
2.250000e+01	2.500000e+01	6.275844e+00	3.595954e-01	3.595954e-01
2.500000e+01	2.750000e+01	5.545636e+00	3.378150e-01	3.378150e-01
2.750000e+01	3.000000e+01	4.539132e+00	3.044623e-01	3.044623e-01
3.000000e+01	3.300000e+01	4.045750e+00	2.600362e-01	2.600362e-01
3.300000e+01	3.600000e+01	3.026089e+00	2.278843e-01	2.278843e-01
3.600000e+01	3.900000e+01	2.993196e+00	2.242954e-01	2.242954e-01
3.900000e+01	4.200000e+01	2.664274e+00	2.093251e-01	2.093251e-01
4.200000e+01	4.500000e+01	2.220228e+00	1.924970e-01	1.924970e-01
4.500000e+01	4.800000e+01	1.874859e+00	1.755967e-01	1.755967e-01
4.800000e+01	5.100000e+01	1.562383e+00	1.636370e-01	1.636370e-01
5.100000e+01	5.400000e+01	1.365029e+00	1.516259e-01	1.516259e-01
5.400000e+01	5.700000e+01	1.134783e+00	1.405158e-01	1.405158e-01
5.700000e+01	6.100000e+01	1.060776e+00	1.143864e-01	1.143864e-01
6.100000e+01	6.500000e+01	1.048441e+00	1.137194e-01	1.137194e-01
6.500000e+01	7.000000e+01	5.624578e-01	7.579509e-02	7.579509e-02
7.000000e+01	7.500000e+01	3.651042e-01	6.162364e-02	6.162364e-02
7.500000e+01	8.000000e+01	4.341780e-01	6.545478e-02	6.545478e-02
8.000000e+01	8.500000e+01	4.144426e-01	6.692587e-02	6.692587e-02
8.500000e+01	9.500000e+01	2.565597e-01	3.625617e-02	3.625617e-02
9.500000e+01	1.050000e+02	2.072213e-01	3.272739e-02	3.272739e-02
1.050000e+02	1.250000e+02	1.159452e-01	1.691235e-02	1.691235e-02
1.250000e+02	1.500000e+02	7.104728e-02	1.184122e-02	1.184122e-02
1.500000e+02	1.750000e+02	2.762950e-02	7.384296e-03	7.384296e-03
1.750000e+02	2.000000e+02	9.867680e-03	4.412961e-03	4.412961e-03
2.000000e+02	2.500000e+02	6.907376e-03	2.610742e-03	2.610742e-03
2.500000e+02	3.000000e+02	3.947072e-03	1.973536e-03	1.973536e-03
3.000000e+02	3.500000e+02	1.973536e-03	1.395501e-03	1.395501e-03
3.500000e+02	4.000000e+02	0.000000e+00	0.000000e+00	0.000000e+00
4.000000e+02	4.700000e+02	0.000000e+00	0.000000e+00	0.000000e+00
4.700000e+02	5.500000e+02	0.000000e+00	0.000000e+00	0.000000e+00
5.500000e+02	6.500000e+02	0.000000e+00	0.000000e+00	0.000000e+00
6.500000e+02	9.000000e+02	0.000000e+00	0.000000e+00	0.000000e+00
# END HISTO1D

