# BEGIN PLOT
XTwosidedTicks=1
YTwosidedTicks=1
Title=$Z\rightarrow ee$, dressed level, $116\,\text{GeV}\leq m_{\ell\ell} < 150\,\text{GeV}$, $1.6\leq |y_{\ell\ell}| < 2.4$
RatioPlotReference=/ATLAS_2015_I1408516/d13-x01-y01
RatioPlot=1
LogX=1
LogY=1
LegendXPos=0.05
XLabel=$\phi^\ast_\eta$
YLabel=$1/\sigma$ $\text{d}\sigma/\text{d}\phi^\ast_\eta$
XMin=0.001
DrawOnly=/ATLAS_2015_I1408516/d13-x01-y01 //afs/desy.de/user/m/mendizam/ATLAS/POWHEG/YODA_files/hdamp0008-0.yoda/ATLAS_2015_I1408516/d13-x01-y01 //afs/desy.de/user/m/mendizam/ATLAS/POWHEG/YODA_files/hdamp1-0.yoda/ATLAS_2015_I1408516/d13-x01-y01 //afs/desy.de/user/m/mendizam/ATLAS/POWHEG/YODA_files/hdampDef-0.yoda/ATLAS_2015_I1408516/d13-x01-y01
LegendYPos=0.3
Legend=1
LegendOnly=/ATLAS_2015_I1408516/d13-x01-y01 //afs/desy.de/user/m/mendizam/ATLAS/POWHEG/YODA_files/hdamp0008-0.yoda/ATLAS_2015_I1408516/d13-x01-y01 //afs/desy.de/user/m/mendizam/ATLAS/POWHEG/YODA_files/hdamp1-0.yoda/ATLAS_2015_I1408516/d13-x01-y01 //afs/desy.de/user/m/mendizam/ATLAS/POWHEG/YODA_files/hdampDef-0.yoda/ATLAS_2015_I1408516/d13-x01-y01
# END PLOT

# BEGIN HISTO1D /ATLAS_2015_I1408516/d13-x01-y01
ConnectBins=0
ErrorBars=1
IsRef=1
Path=/ATLAS_2015_I1408516/d13-x01-y01
PolyMarker=*
Title=Data
# xlow	 xhigh	 val	 errminus	 errplus
0.000000e+00	4.000000e-03	1.189200e+01	6.601935e-01	6.601935e-01
4.000000e-03	8.000000e-03	1.164800e+01	7.139568e-01	7.139568e-01
8.000000e-03	1.200000e-02	1.145500e+01	6.088416e-01	6.088416e-01
1.200000e-02	1.600000e-02	1.117100e+01	6.074600e-01	6.074600e-01
1.600000e-02	2.000000e-02	9.714000e+00	5.861496e-01	5.861496e-01
2.000000e-02	2.400000e-02	9.337000e+00	6.076228e-01	6.076228e-01
2.400000e-02	2.900000e-02	9.075000e+00	5.342702e-01	5.342702e-01
2.900000e-02	3.400000e-02	7.757000e+00	4.665821e-01	4.665821e-01
3.400000e-02	3.900000e-02	7.263000e+00	4.515928e-01	4.515928e-01
3.900000e-02	4.500000e-02	6.336000e+00	3.816881e-01	3.816881e-01
4.500000e-02	5.100000e-02	6.574000e+00	3.934527e-01	3.934527e-01
5.100000e-02	5.700000e-02	5.317000e+00	3.433070e-01	3.433070e-01
5.700000e-02	6.400000e-02	4.755000e+00	3.090750e-01	3.090750e-01
6.400000e-02	7.200000e-02	4.983000e+00	2.991876e-01	2.991876e-01
7.200000e-02	8.100000e-02	3.911000e+00	2.533410e-01	2.533410e-01
8.100000e-02	9.100000e-02	3.070000e+00	2.120301e-01	2.120301e-01
9.100000e-02	1.020000e-01	3.005000e+00	2.394402e-01	2.394402e-01
1.020000e-01	1.140000e-01	2.530000e+00	1.755390e-01	1.755390e-01
1.140000e-01	1.280000e-01	2.350000e+00	1.581499e-01	1.581499e-01
1.280000e-01	1.450000e-01	1.975000e+00	1.230379e-01	1.230379e-01
1.450000e-01	1.650000e-01	1.409000e+00	9.608099e-02	9.608099e-02
1.650000e-01	1.890000e-01	1.252000e+00	9.614349e-02	9.614349e-02
1.890000e-01	2.190000e-01	9.700000e-01	8.799777e-02	8.799777e-02
2.190000e-01	2.580000e-01	8.560000e-01	5.917555e-02	5.917555e-02
2.580000e-01	3.120000e-01	5.380000e-01	3.772911e-02	3.772911e-02
3.120000e-01	3.910000e-01	3.560000e-01	2.752504e-02	2.752504e-02
3.910000e-01	5.240000e-01	1.940000e-01	1.631908e-02	1.631908e-02
5.240000e-01	6.950000e-01	7.870000e-02	1.118676e-02	1.118676e-02
6.950000e-01	9.180000e-01	4.650000e-02	5.862874e-03	5.862874e-03
9.180000e-01	1.153000e+00	2.280000e-02	3.976623e-03	3.976623e-03
1.153000e+00	1.496000e+00	9.700000e-03	2.050374e-03	2.050374e-03
1.496000e+00	1.947000e+00	4.960000e-03	1.201355e-03	1.201355e-03
1.947000e+00	2.522000e+00	1.550000e-03	5.501015e-04	5.501015e-04
2.522000e+00	3.277000e+00	6.780000e-04	3.120752e-04	3.120752e-04
3.277000e+00	5.000000e+00	9.360000e-05	1.454449e-04	1.454449e-04
5.000000e+00	1.000000e+01	5.400000e-05	4.329776e-05	4.329776e-05
# END HISTO1D


# BEGIN HISTO1D //afs/desy.de/user/m/mendizam/ATLAS/POWHEG/YODA_files/hdamp0008-0.yoda/ATLAS_2015_I1408516/d13-x01-y01
ErrorBars=1
LineColor=red
LineStyle=solid
Path=//afs/desy.de/user/m/mendizam/ATLAS/POWHEG/YODA_files/hdamp0008-0.yoda/ATLAS_2015_I1408516/d13-x01-y01
ScaledBy=4.81292729168495924e-06
Title=POWHEG (hdamp=0.008)
XLabel=~
YLabel=~
# xlow	 xhigh	 val	 errminus	 errplus
0.000000e+00	4.000000e-03	3.645833e+01	3.570654e+01	3.570654e+01
4.000000e-03	8.000000e-03	2.604168e+01	2.604166e+01	2.604166e+01
8.000000e-03	1.200000e-02	-2.188666e-15	1.948780e+01	1.948780e+01
1.200000e-02	1.600000e-02	1.041667e+01	1.473139e+01	1.473139e+01
1.600000e-02	2.000000e-02	-5.208333e+00	9.021097e+00	9.021097e+00
2.000000e-02	2.400000e-02	2.083333e+01	1.041667e+01	1.041667e+01
2.400000e-02	2.900000e-02	1.250000e+01	7.216877e+00	7.216877e+00
2.900000e-02	3.400000e-02	4.166666e+00	4.166667e+00	4.166667e+00
3.400000e-02	3.900000e-02	8.333334e+00	5.892557e+00	5.892557e+00
3.900000e-02	4.500000e-02	0.000000e+00	4.910464e+00	4.910464e+00
4.500000e-02	5.100000e-02	1.041667e+01	6.014065e+00	6.014065e+00
5.100000e-02	5.700000e-02	0.000000e+00	0.000000e+00	0.000000e+00
5.700000e-02	6.400000e-02	1.190476e+01	5.952381e+00	5.952381e+00
6.400000e-02	7.200000e-02	2.604166e+00	2.604167e+00	2.604167e+00
7.200000e-02	8.100000e-02	2.314814e+00	2.314815e+00	2.314815e+00
8.100000e-02	9.100000e-02	2.083333e+00	2.083333e+00	2.083333e+00
9.100000e-02	1.020000e-01	0.000000e+00	0.000000e+00	0.000000e+00
1.020000e-01	1.140000e-01	3.472222e+00	2.455232e+00	2.455232e+00
1.140000e-01	1.280000e-01	1.488095e+00	1.488095e+00	1.488095e+00
1.280000e-01	1.450000e-01	0.000000e+00	0.000000e+00	0.000000e+00
1.450000e-01	1.650000e-01	1.041666e+00	1.041667e+00	1.041667e+00
1.650000e-01	1.890000e-01	0.000000e+00	0.000000e+00	0.000000e+00
1.890000e-01	2.190000e-01	6.944443e-01	6.944445e-01	6.944445e-01
2.190000e-01	2.580000e-01	2.136752e+00	1.068376e+00	1.068376e+00
2.580000e-01	3.120000e-01	0.000000e+00	0.000000e+00	0.000000e+00
3.120000e-01	3.910000e-01	2.637130e-01	2.637131e-01	2.637131e-01
3.910000e-01	5.240000e-01	1.566416e-01	1.566416e-01	1.566416e-01
5.240000e-01	6.950000e-01	1.218323e-01	1.218324e-01	1.218324e-01
6.950000e-01	9.180000e-01	9.342300e-02	9.342302e-02	9.342302e-02
9.180000e-01	1.153000e+00	8.865247e-02	8.865248e-02	8.865248e-02
1.153000e+00	1.496000e+00	6.073857e-02	6.073858e-02	6.073858e-02
1.496000e+00	1.947000e+00	0.000000e+00	0.000000e+00	0.000000e+00
1.947000e+00	2.522000e+00	0.000000e+00	0.000000e+00	0.000000e+00
2.522000e+00	3.277000e+00	0.000000e+00	0.000000e+00	0.000000e+00
3.277000e+00	5.000000e+00	0.000000e+00	0.000000e+00	0.000000e+00
5.000000e+00	1.000000e+01	0.000000e+00	0.000000e+00	0.000000e+00
# END HISTO1D


# BEGIN HISTO1D //afs/desy.de/user/m/mendizam/ATLAS/POWHEG/YODA_files/hdamp1-0.yoda/ATLAS_2015_I1408516/d13-x01-y01
ErrorBars=1
LineColor=blue
LineStyle=solid
Path=//afs/desy.de/user/m/mendizam/ATLAS/POWHEG/YODA_files/hdamp1-0.yoda/ATLAS_2015_I1408516/d13-x01-y01
ScaledBy=4.76944957690213908e-06
Title=POWHEG (hdamp=1.0)
XLabel=~
YLabel=~
# xlow	 xhigh	 val	 errminus	 errplus
0.000000e+00	4.000000e-03	1.029412e+01	3.890810e+00	3.890810e+00
4.000000e-03	8.000000e-03	1.176470e+01	4.159452e+00	4.159452e+00
8.000000e-03	1.200000e-02	1.029412e+01	3.890810e+00	3.890810e+00
1.200000e-02	1.600000e-02	1.323529e+01	4.411765e+00	4.411765e+00
1.600000e-02	2.000000e-02	1.470588e+01	4.650409e+00	4.650409e+00
2.000000e-02	2.400000e-02	1.617647e+01	4.877389e+00	4.877389e+00
2.400000e-02	2.900000e-02	4.705882e+00	2.352941e+00	2.352941e+00
2.900000e-02	3.400000e-02	4.705882e+00	2.352941e+00	2.352941e+00
3.400000e-02	3.900000e-02	7.058824e+00	2.881753e+00	2.881753e+00
3.900000e-02	4.500000e-02	9.803922e+00	3.100272e+00	3.100272e+00
4.500000e-02	5.100000e-02	6.862745e+00	2.593874e+00	2.593874e+00
5.100000e-02	5.700000e-02	6.862745e+00	2.593874e+00	2.593874e+00
5.700000e-02	6.400000e-02	2.521009e+00	1.455505e+00	1.455505e+00
6.400000e-02	7.200000e-02	3.676470e+00	1.644168e+00	1.644168e+00
7.200000e-02	8.100000e-02	5.882353e+00	1.960784e+00	1.960784e+00
8.100000e-02	9.100000e-02	5.882353e+00	1.860163e+00	1.860163e+00
9.100000e-02	1.020000e-01	2.139037e+00	1.069519e+00	1.069519e+00
1.020000e-01	1.140000e-01	3.921568e+00	1.386484e+00	1.386484e+00
1.140000e-01	1.280000e-01	2.521009e+00	1.029197e+00	1.029197e+00
1.280000e-01	1.450000e-01	2.422145e+00	9.154848e-01	9.154848e-01
1.450000e-01	1.650000e-01	2.941176e-01	2.941177e-01	2.941177e-01
1.650000e-01	1.890000e-01	4.901963e-01	3.466210e-01	3.466210e-01
1.890000e-01	2.190000e-01	5.882353e-01	3.396178e-01	3.396178e-01
2.190000e-01	2.580000e-01	9.049774e-01	3.694555e-01	3.694555e-01
2.580000e-01	3.120000e-01	3.267974e-01	1.886765e-01	1.886765e-01
3.120000e-01	3.910000e-01	1.489204e-01	1.053026e-01	1.053026e-01
3.910000e-01	5.240000e-01	2.211411e-01	9.889731e-02	9.889731e-02
5.240000e-01	6.950000e-01	6.879947e-02	4.864856e-02	4.864856e-02
6.950000e-01	9.180000e-01	7.913480e-02	4.568849e-02	4.568849e-02
9.180000e-01	1.153000e+00	0.000000e+00	0.000000e+00	0.000000e+00
1.153000e+00	1.496000e+00	0.000000e+00	0.000000e+00	0.000000e+00
1.496000e+00	1.947000e+00	0.000000e+00	0.000000e+00	0.000000e+00
1.947000e+00	2.522000e+00	0.000000e+00	0.000000e+00	0.000000e+00
2.522000e+00	3.277000e+00	0.000000e+00	0.000000e+00	0.000000e+00
3.277000e+00	5.000000e+00	3.414018e-03	3.414018e-03	3.414018e-03
5.000000e+00	1.000000e+01	0.000000e+00	0.000000e+00	0.000000e+00
# END HISTO1D


# BEGIN HISTO1D //afs/desy.de/user/m/mendizam/ATLAS/POWHEG/YODA_files/hdampDef-0.yoda/ATLAS_2015_I1408516/d13-x01-y01
ErrorBars=1
LineColor=green
LineStyle=solid
Path=//afs/desy.de/user/m/mendizam/ATLAS/POWHEG/YODA_files/hdampDef-0.yoda/ATLAS_2015_I1408516/d13-x01-y01
ScaledBy=5.33373386118808555e-06
Title=POWHEG (hdamp=Default)
XLabel=~
YLabel=~
# xlow	 xhigh	 val	 errminus	 errplus
0.000000e+00	4.000000e-03	8.223685e+00	3.677743e+00	3.677743e+00
4.000000e-03	8.000000e-03	1.644737e+01	5.201115e+00	5.201115e+00
8.000000e-03	1.200000e-02	6.578947e+00	3.289474e+00	3.289474e+00
1.200000e-02	1.600000e-02	1.315789e+01	4.652018e+00	4.652018e+00
1.600000e-02	2.000000e-02	9.868420e+00	4.028766e+00	4.028766e+00
2.000000e-02	2.400000e-02	4.934210e+00	2.848767e+00	2.848767e+00
2.400000e-02	2.900000e-02	1.184211e+01	3.947368e+00	3.947368e+00
2.900000e-02	3.400000e-02	9.210526e+00	3.481251e+00	3.481251e+00
3.400000e-02	3.900000e-02	9.210526e+00	3.481251e+00	3.481251e+00
3.900000e-02	4.500000e-02	5.482457e+00	2.451829e+00	2.451829e+00
4.500000e-02	5.100000e-02	7.675438e+00	2.901043e+00	2.901043e+00
5.100000e-02	5.700000e-02	6.578947e+00	2.685844e+00	2.685844e+00
5.700000e-02	6.400000e-02	4.699249e+00	2.101567e+00	2.101567e+00
6.400000e-02	7.200000e-02	2.467105e+00	1.424384e+00	1.424384e+00
7.200000e-02	8.100000e-02	6.578948e+00	2.192982e+00	2.192982e+00
8.100000e-02	9.100000e-02	1.973684e+00	1.139507e+00	1.139507e+00
9.100000e-02	1.020000e-01	2.392345e+00	1.196172e+00	1.196172e+00
1.020000e-01	1.140000e-01	5.482456e-01	5.482456e-01	5.482456e-01
1.140000e-01	1.280000e-01	2.349624e+00	1.050784e+00	1.050784e+00
1.280000e-01	1.450000e-01	3.482972e+00	1.283523e+00	1.283523e+00
1.450000e-01	1.650000e-01	1.644737e+00	7.355486e-01	7.355486e-01
1.650000e-01	1.890000e-01	1.096491e+00	5.482456e-01	5.482456e-01
1.890000e-01	2.190000e-01	6.578947e-01	3.798356e-01	3.798356e-01
2.190000e-01	2.580000e-01	5.060728e-01	2.921813e-01	2.921813e-01
2.580000e-01	3.120000e-01	2.436646e-01	1.722970e-01	1.722970e-01
3.120000e-01	3.910000e-01	2.498334e-01	1.442414e-01	1.442414e-01
3.910000e-01	5.240000e-01	1.483973e-01	8.567721e-02	8.567721e-02
5.240000e-01	6.950000e-01	1.538935e-01	7.694675e-02	7.694675e-02
6.950000e-01	9.180000e-01	1.180080e-01	5.900401e-02	5.900401e-02
9.180000e-01	1.153000e+00	1.119821e-01	5.599104e-02	5.599104e-02
1.153000e+00	1.496000e+00	1.918060e-02	1.918060e-02	1.918060e-02
1.496000e+00	1.947000e+00	0.000000e+00	0.000000e+00	0.000000e+00
1.947000e+00	2.522000e+00	0.000000e+00	0.000000e+00	0.000000e+00
2.522000e+00	3.277000e+00	0.000000e+00	0.000000e+00	0.000000e+00
3.277000e+00	5.000000e+00	0.000000e+00	0.000000e+00	0.000000e+00
5.000000e+00	1.000000e+01	0.000000e+00	0.000000e+00	0.000000e+00
# END HISTO1D

