# BEGIN PLOT
XTwosidedTicks=1
YTwosidedTicks=1
Title=$Z\rightarrow ee$, dressed level, $46\,\text{GeV}\leq m_{\ell\ell} < 66\,\text{GeV}$, $|y_{\ell\ell}| < 2.4$
RatioPlotReference=/ATLAS_2015_I1408516/d14-x01-y01
RatioPlot=1
LogX=1
LogY=1
LegendXPos=0.05
XLabel=$\phi^\ast_\eta$
YLabel=$1/\sigma$ $\text{d}\sigma/\text{d}\phi^\ast_\eta$
XMin=0.001
DrawOnly=/ATLAS_2015_I1408516/d14-x01-y01 //afs/desy.de/user/m/mendizam/ATLAS/POWHEG/YODA_files/hdamp1_pTmin100-0.yoda/ATLAS_2015_I1408516/d14-x01-y01 //afs/desy.de/user/m/mendizam/ATLAS/POWHEG/YODA_files/hdamp1_pTmin100_PSon-0.yoda/ATLAS_2015_I1408516/d14-x01-y01
LegendYPos=0.3
Legend=1
LegendOnly=/ATLAS_2015_I1408516/d14-x01-y01 //afs/desy.de/user/m/mendizam/ATLAS/POWHEG/YODA_files/hdamp1_pTmin100-0.yoda/ATLAS_2015_I1408516/d14-x01-y01 //afs/desy.de/user/m/mendizam/ATLAS/POWHEG/YODA_files/hdamp1_pTmin100_PSon-0.yoda/ATLAS_2015_I1408516/d14-x01-y01
# END PLOT

# BEGIN HISTO1D /ATLAS_2015_I1408516/d14-x01-y01
ConnectBins=0
ErrorBars=1
IsRef=1
Path=/ATLAS_2015_I1408516/d14-x01-y01
PolyMarker=*
Title=Data
# xlow	 xhigh	 val	 errminus	 errplus
0.000000e+00	4.000000e-03	6.941000e+00	3.873302e-01	3.873302e-01
4.000000e-03	8.000000e-03	6.819000e+00	1.969263e-01	1.969263e-01
8.000000e-03	1.200000e-02	6.793000e+00	1.563866e-01	1.563866e-01
1.200000e-02	1.600000e-02	6.507000e+00	1.309508e-01	1.309508e-01
1.600000e-02	2.000000e-02	6.498000e+00	1.376902e-01	1.376902e-01
2.000000e-02	2.400000e-02	6.428000e+00	1.234778e-01	1.234778e-01
2.400000e-02	2.900000e-02	6.261000e+00	1.077183e-01	1.077183e-01
2.900000e-02	3.400000e-02	5.900000e+00	1.038802e-01	1.038802e-01
3.400000e-02	3.900000e-02	5.934000e+00	1.069767e-01	1.069767e-01
3.900000e-02	4.500000e-02	5.324000e+00	8.748225e-02	8.748225e-02
4.500000e-02	5.100000e-02	5.159000e+00	8.648060e-02	8.648060e-02
5.100000e-02	5.700000e-02	4.874000e+00	8.399700e-02	8.399700e-02
5.700000e-02	6.400000e-02	4.499000e+00	7.365180e-02	7.365180e-02
6.400000e-02	7.200000e-02	4.231000e+00	6.926446e-02	6.926446e-02
7.200000e-02	8.100000e-02	3.805000e+00	6.229053e-02	6.229053e-02
8.100000e-02	9.100000e-02	3.526000e+00	5.761531e-02	5.761531e-02
9.100000e-02	1.020000e-01	3.202000e+00	5.241900e-02	5.241900e-02
1.020000e-01	1.140000e-01	2.856000e+00	4.913648e-02	4.913648e-02
1.140000e-01	1.280000e-01	2.549000e+00	3.957112e-02	3.957112e-02
1.280000e-01	1.450000e-01	2.122000e+00	3.218172e-02	3.218172e-02
1.450000e-01	1.650000e-01	1.817000e+00	2.980102e-02	2.980102e-02
1.650000e-01	1.890000e-01	1.512000e+00	2.479864e-02	2.479864e-02
1.890000e-01	2.190000e-01	1.240000e+00	2.136977e-02	2.136977e-02
2.190000e-01	2.580000e-01	9.990000e-01	1.638482e-02	1.638482e-02
2.580000e-01	3.120000e-01	7.480000e-01	1.168413e-02	1.168413e-02
3.120000e-01	3.910000e-01	5.450000e-01	9.328897e-03	9.328897e-03
3.910000e-01	5.240000e-01	3.330000e-01	5.777334e-03	5.777334e-03
5.240000e-01	6.950000e-01	1.970000e-01	4.548098e-03	4.548098e-03
6.950000e-01	9.180000e-01	1.030000e-01	2.595518e-03	2.595518e-03
9.180000e-01	1.153000e+00	6.110000e-02	1.909803e-03	1.909803e-03
1.153000e+00	1.496000e+00	3.330000e-02	1.351012e-03	1.351012e-03
1.496000e+00	1.947000e+00	1.740000e-02	7.754233e-04	7.754233e-04
1.947000e+00	2.522000e+00	8.630000e-03	4.749637e-04	4.749637e-04
2.522000e+00	3.277000e+00	4.570000e-03	3.650283e-04	3.650283e-04
3.277000e+00	5.000000e+00	2.070000e-03	1.226726e-04	1.226726e-04
5.000000e+00	1.000000e+01	4.860000e-04	3.479231e-05	3.479231e-05
# END HISTO1D


# BEGIN HISTO1D //afs/desy.de/user/m/mendizam/ATLAS/POWHEG/YODA_files/hdamp1_pTmin100-0.yoda/ATLAS_2015_I1408516/d14-x01-y01
ErrorBars=1
LineColor=red
LineStyle=solid
Path=//afs/desy.de/user/m/mendizam/ATLAS/POWHEG/YODA_files/hdamp1_pTmin100-0.yoda/ATLAS_2015_I1408516/d14-x01-y01
ScaledBy=1.45331856618286883e-07
Title=POWHEG (hdamp=1.0, pTcut=10 GeV)
XLabel=~
YLabel=~
# xlow	 xhigh	 val	 errminus	 errplus
0.000000e+00	4.000000e-03	1.037820e+02	2.182433e+00	2.182433e+00
4.000000e-03	8.000000e-03	4.794765e+00	4.721121e-01	4.721121e-01
8.000000e-03	1.200000e-02	4.391468e+00	4.436053e-01	4.436053e-01
1.200000e-02	1.600000e-02	3.136763e+00	3.802331e-01	3.802331e-01
1.600000e-02	2.000000e-02	2.240545e+00	3.231360e-01	3.231360e-01
2.000000e-02	2.400000e-02	2.240545e+00	3.231360e-01	3.231360e-01
2.400000e-02	2.900000e-02	2.616956e+00	3.062916e-01	3.062916e-01
2.900000e-02	3.400000e-02	2.007528e+00	2.682673e-01	2.682673e-01
3.400000e-02	3.900000e-02	2.043376e+00	2.706519e-01	2.706519e-01
3.900000e-02	4.500000e-02	1.344327e+00	2.004004e-01	2.004004e-01
4.500000e-02	5.100000e-02	1.613192e+00	2.195276e-01	2.195276e-01
5.100000e-02	5.700000e-02	1.732688e+00	2.275131e-01	2.275131e-01
5.700000e-02	6.400000e-02	1.561980e+00	1.999910e-01	1.999910e-01
6.400000e-02	7.200000e-02	1.389138e+00	1.820227e-01	1.820227e-01
7.200000e-02	8.100000e-02	1.513612e+00	1.736233e-01	1.736233e-01
8.100000e-02	9.100000e-02	1.433949e+00	1.623120e-01	1.623120e-01
9.100000e-02	1.020000e-01	1.531718e+00	1.596565e-01	1.596565e-01
1.020000e-01	1.140000e-01	1.150147e+00	1.327627e-01	1.327627e-01
1.140000e-01	1.280000e-01	1.254705e+00	1.280311e-01	1.280311e-01
1.280000e-01	1.450000e-01	1.571018e+00	1.312685e-01	1.312685e-01
1.450000e-01	1.650000e-01	1.433948e+00	1.175379e-01	1.175379e-01
1.650000e-01	1.890000e-01	1.545976e+00	1.100176e-01	1.100176e-01
1.890000e-01	2.190000e-01	1.159109e+00	8.491767e-02	8.491767e-02
2.190000e-01	2.580000e-01	1.020310e+00	6.970163e-02	6.970163e-02
2.580000e-01	3.120000e-01	7.966381e-01	5.290135e-02	5.290135e-02
3.120000e-01	3.910000e-01	5.354619e-01	3.558640e-02	3.558640e-02
3.910000e-01	5.240000e-01	2.951455e-01	2.021544e-02	2.021544e-02
5.240000e-01	6.950000e-01	1.582794e-01	1.305009e-02	1.305009e-02
6.950000e-01	9.180000e-01	6.671399e-02	7.322811e-03	7.322811e-03
9.180000e-01	1.153000e+00	3.813694e-02	5.393377e-03	5.393377e-03
1.153000e+00	1.496000e+00	1.149667e-02	2.560090e-03	2.560090e-03
1.496000e+00	1.947000e+00	5.564102e-03	1.487069e-03	1.487069e-03
1.947000e+00	2.522000e+00	4.052464e-03	1.123951e-03	1.123951e-03
2.522000e+00	3.277000e+00	1.661861e-03	6.281245e-04	6.281245e-04
3.277000e+00	5.000000e+00	1.352389e-03	3.750853e-04	3.750853e-04
5.000000e+00	1.000000e+01	4.301846e-04	1.241836e-04	1.241836e-04
# END HISTO1D


# BEGIN HISTO1D //afs/desy.de/user/m/mendizam/ATLAS/POWHEG/YODA_files/hdamp1_pTmin100_PSon-0.yoda/ATLAS_2015_I1408516/d14-x01-y01
ErrorBars=1
LineColor=blue
LineStyle=solid
Path=//afs/desy.de/user/m/mendizam/ATLAS/POWHEG/YODA_files/hdamp1_pTmin100_PSon-0.yoda/ATLAS_2015_I1408516/d14-x01-y01
ScaledBy=1.48065454359646062e-07
Title=POWHEG+Pythia 8 (hdamp=1.0, pTcut=10 GeV)
XLabel=~
YLabel=~
# xlow	 xhigh	 val	 errminus	 errplus
0.000000e+00	4.000000e-03	1.342220e+01	7.827989e-01	7.827989e-01
4.000000e-03	8.000000e-03	7.806792e+00	6.004815e-01	6.004815e-01
8.000000e-03	1.200000e-02	5.798027e+00	5.265049e-01	5.265049e-01
1.200000e-02	1.600000e-02	6.985025e+00	5.683848e-01	5.683848e-01
1.600000e-02	2.000000e-02	5.478452e+00	5.083788e-01	5.083788e-01
2.000000e-02	2.400000e-02	5.706720e+00	5.185271e-01	5.185271e-01
2.400000e-02	2.900000e-02	6.355004e+00	4.817716e-01	4.817716e-01
2.900000e-02	3.400000e-02	5.149744e+00	4.367517e-01	4.367517e-01
3.400000e-02	3.900000e-02	5.295836e+00	4.428180e-01	4.428180e-01
3.900000e-02	4.500000e-02	4.991478e+00	3.968348e-01	3.968348e-01
4.500000e-02	5.100000e-02	4.078403e+00	3.549399e-01	3.549399e-01
5.100000e-02	5.700000e-02	4.504505e+00	3.849863e-01	3.849863e-01
5.700000e-02	6.400000e-02	3.782740e+00	3.162986e-01	3.162986e-01
6.400000e-02	7.200000e-02	4.770818e+00	3.331473e-01	3.331473e-01
7.200000e-02	8.100000e-02	3.429104e+00	2.653335e-01	2.653335e-01
8.100000e-02	9.100000e-02	2.976625e+00	2.373996e-01	2.373996e-01
9.100000e-02	1.020000e-01	2.772428e+00	2.183569e-01	2.183569e-01
1.020000e-01	1.140000e-01	2.800097e+00	2.119611e-01	2.119611e-01
1.140000e-01	1.280000e-01	2.504435e+00	1.835444e-01	1.835444e-01
1.280000e-01	1.450000e-01	1.869119e+00	1.425096e-01	1.425096e-01
1.450000e-01	1.650000e-01	2.081811e+00	1.396737e-01	1.396737e-01
1.650000e-01	1.890000e-01	1.514183e+00	1.100015e-01	1.100015e-01
1.890000e-01	2.190000e-01	1.351351e+00	9.231648e-02	9.231648e-02
2.190000e-01	2.580000e-01	1.062913e+00	7.116688e-02	7.116688e-02
2.580000e-01	3.120000e-01	9.367476e-01	5.709068e-02	5.709068e-02
3.120000e-01	3.910000e-01	6.403085e-01	3.970274e-02	3.970274e-02
3.910000e-01	5.240000e-01	3.597379e-01	2.272795e-02	2.272795e-02
5.240000e-01	6.950000e-01	1.804792e-01	1.404635e-02	1.404635e-02
6.950000e-01	9.180000e-01	8.516574e-02	8.351191e-03	8.351191e-03
9.180000e-01	1.153000e+00	5.206472e-02	6.454956e-03	6.454956e-03
1.153000e+00	1.496000e+00	2.076381e-02	3.324871e-03	3.324871e-03
1.496000e+00	1.947000e+00	1.295717e-02	2.290525e-03	2.290525e-03
1.947000e+00	2.522000e+00	8.257376e-03	1.619405e-03	1.619405e-03
2.522000e+00	3.277000e+00	2.660617e-03	8.022061e-04	8.022061e-04
3.277000e+00	5.000000e+00	1.589800e-03	4.104846e-04	4.104846e-04
5.000000e+00	1.000000e+01	4.747992e-04	1.316856e-04	1.316856e-04
# END HISTO1D

