# BEGIN PLOT
XTwosidedTicks=1
YTwosidedTicks=1
Title=$Z\rightarrow ee$, dressed level, $66\,\text{GeV}\leq m_{\ell\ell} < 116\,\text{GeV}$, $0.4 \leq |y_{\ell\ell}| < 0.8$
RatioPlotReference=/ATLAS_2015_I1408516/d18-x01-y01
RatioPlot=1
LogX=1
LogY=1
LegendXPos=0.05
XLabel=$p_\text{T}^{\ell\ell}$ [GeV]
YLabel=$1/\sigma$ $\text{d}\sigma/\text{d} p_\text{T}^{\ell\ell}$
XMin=0.9
DrawOnly=/ATLAS_2015_I1408516/d18-x01-y01 //afs/desy.de/user/m/mendizam/ATLAS/POWHEG/YODA_files/hdamp1_pTmin100-0.yoda/ATLAS_2015_I1408516/d18-x01-y01 //afs/desy.de/user/m/mendizam/ATLAS/POWHEG/YODA_files/hdamp1_pTmin100_PSon-0.yoda/ATLAS_2015_I1408516/d18-x01-y01
LegendYPos=0.3
Legend=1
LegendOnly=/ATLAS_2015_I1408516/d18-x01-y01 //afs/desy.de/user/m/mendizam/ATLAS/POWHEG/YODA_files/hdamp1_pTmin100-0.yoda/ATLAS_2015_I1408516/d18-x01-y01 //afs/desy.de/user/m/mendizam/ATLAS/POWHEG/YODA_files/hdamp1_pTmin100_PSon-0.yoda/ATLAS_2015_I1408516/d18-x01-y01
# END PLOT

# BEGIN HISTO1D /ATLAS_2015_I1408516/d18-x01-y01
ConnectBins=0
ErrorBars=1
IsRef=1
Path=/ATLAS_2015_I1408516/d18-x01-y01
PolyMarker=*
Title=Data
# xlow	 xhigh	 val	 errminus	 errplus
0.000000e+00	2.000000e+00	2.601000e-02	3.575784e-04	3.575784e-04
2.000000e+00	4.000000e+00	5.469000e-02	4.092625e-04	4.092625e-04
4.000000e+00	6.000000e+00	5.582000e-02	3.206615e-04	3.206615e-04
6.000000e+00	8.000000e+00	4.875000e-02	3.270249e-04	3.270249e-04
8.000000e+00	1.000000e+01	4.085000e-02	2.740301e-04	2.740301e-04
1.000000e+01	1.300000e+01	3.303000e-02	1.778720e-04	1.778720e-04
1.300000e+01	1.600000e+01	2.548000e-02	1.372140e-04	1.372140e-04
1.600000e+01	2.000000e+01	1.933000e-02	1.040952e-04	1.040952e-04
2.000000e+01	2.500000e+01	1.380000e-02	7.431527e-05	7.431527e-05
2.500000e+01	3.000000e+01	9.832000e-03	6.060852e-05	6.060852e-05
3.000000e+01	3.700000e+01	6.765000e-03	3.643064e-05	3.643064e-05
3.700000e+01	4.500000e+01	4.625000e-03	3.398667e-05	3.398667e-05
4.500000e+01	5.500000e+01	2.993000e-03	2.643346e-05	2.643346e-05
5.500000e+01	6.500000e+01	1.915000e-03	2.257752e-05	2.257752e-05
6.500000e+01	7.500000e+01	1.282000e-03	1.719983e-05	1.719983e-05
7.500000e+01	8.500000e+01	8.543000e-04	1.315178e-05	1.315178e-05
8.500000e+01	1.050000e+02	4.796000e-04	6.610830e-06	6.610830e-06
1.050000e+02	1.500000e+02	1.855000e-04	2.556941e-06	2.556941e-06
1.500000e+02	2.000000e+02	5.087000e-05	1.041283e-06	1.041283e-06
2.000000e+02	9.000000e+02	2.117000e-06	5.700197e-08	5.700197e-08
# END HISTO1D


# BEGIN HISTO1D //afs/desy.de/user/m/mendizam/ATLAS/POWHEG/YODA_files/hdamp1_pTmin100-0.yoda/ATLAS_2015_I1408516/d18-x01-y01
ErrorBars=1
LineColor=red
LineStyle=solid
Path=//afs/desy.de/user/m/mendizam/ATLAS/POWHEG/YODA_files/hdamp1_pTmin100-0.yoda/ATLAS_2015_I1408516/d18-x01-y01
ScaledBy=8.09010424928332671e-09
Title=POWHEG (hdamp=1.0, pTcut=10 GeV)
XLabel=~
YLabel=~
# xlow	 xhigh	 val	 errminus	 errplus
0.000000e+00	2.000000e+00	2.379018e-01	1.097745e-03	1.097745e-03
2.000000e+00	4.000000e+00	5.911875e-03	1.721722e-04	1.721722e-04
4.000000e+00	6.000000e+00	3.317635e-03	1.298079e-04	1.298079e-04
6.000000e+00	8.000000e+00	2.803775e-03	1.193177e-04	1.193177e-04
8.000000e+00	1.000000e+01	2.968410e-03	1.253204e-04	1.253204e-04
1.000000e+01	1.300000e+01	3.245129e-02	3.327779e-04	3.327779e-04
1.300000e+01	1.600000e+01	2.444240e-02	2.891664e-04	2.891664e-04
1.600000e+01	2.000000e+01	1.835924e-02	2.171185e-04	2.171185e-04
2.000000e+01	2.500000e+01	1.284349e-02	1.627338e-04	1.627338e-04
2.500000e+01	3.000000e+01	8.906228e-03	1.357134e-04	1.357134e-04
3.000000e+01	3.700000e+01	5.875527e-03	9.299074e-05	9.299074e-05
3.700000e+01	4.500000e+01	3.857686e-03	7.041059e-05	7.041059e-05
4.500000e+01	5.500000e+01	2.353775e-03	4.901349e-05	4.901349e-05
5.500000e+01	6.500000e+01	1.449781e-03	3.852794e-05	3.852794e-05
6.500000e+01	7.500000e+01	9.828181e-04	3.160002e-05	3.160002e-05
7.500000e+01	8.500000e+01	6.136377e-04	2.474426e-05	2.474426e-05
8.500000e+01	1.050000e+02	3.462314e-04	1.321830e-05	1.321830e-05
1.050000e+02	1.500000e+02	1.257209e-04	5.307643e-06	5.307643e-06
1.500000e+02	2.000000e+02	3.172956e-05	2.516318e-06	2.516318e-06
2.000000e+02	9.000000e+02	1.667726e-06	1.541813e-07	1.541813e-07
# END HISTO1D


# BEGIN HISTO1D //afs/desy.de/user/m/mendizam/ATLAS/POWHEG/YODA_files/hdamp1_pTmin100_PSon-0.yoda/ATLAS_2015_I1408516/d18-x01-y01
ErrorBars=1
LineColor=blue
LineStyle=solid
Path=//afs/desy.de/user/m/mendizam/ATLAS/POWHEG/YODA_files/hdamp1_pTmin100_PSon-0.yoda/ATLAS_2015_I1408516/d18-x01-y01
ScaledBy=8.19261203693801797e-09
Title=POWHEG+Pythia 8 (hdamp=1.0, pTcut=10 GeV)
XLabel=~
YLabel=~
# xlow	 xhigh	 val	 errminus	 errplus
0.000000e+00	2.000000e+00	4.187717e-02	4.616283e-04	4.616283e-04
2.000000e+00	4.000000e+00	5.067295e-02	5.085875e-04	5.085875e-04
4.000000e+00	6.000000e+00	5.025865e-02	5.082362e-04	5.082362e-04
6.000000e+00	8.000000e+00	4.586331e-02	4.862142e-04	4.862142e-04
8.000000e+00	1.000000e+01	3.993715e-02	4.537090e-04	4.537090e-04
1.000000e+01	1.300000e+01	3.216528e-02	3.326747e-04	3.326747e-04
1.300000e+01	1.600000e+01	2.561434e-02	2.977858e-04	2.977858e-04
1.600000e+01	2.000000e+01	1.954420e-02	2.256700e-04	2.256700e-04
2.000000e+01	2.500000e+01	1.393986e-02	1.704721e-04	1.704721e-04
2.500000e+01	3.000000e+01	1.005578e-02	1.446006e-04	1.446006e-04
3.000000e+01	3.700000e+01	7.025359e-03	1.023235e-04	1.023235e-04
3.700000e+01	4.500000e+01	4.557029e-03	7.711754e-05	7.711754e-05
4.500000e+01	5.500000e+01	2.843343e-03	5.441319e-05	5.441319e-05
5.500000e+01	6.500000e+01	1.826853e-03	4.364767e-05	4.364767e-05
6.500000e+01	7.500000e+01	1.181190e-03	3.481212e-05	3.481212e-05
7.500000e+01	8.500000e+01	7.416539e-04	2.785557e-05	2.785557e-05
8.500000e+01	1.050000e+02	4.324630e-04	1.485019e-05	1.485019e-05
1.050000e+02	1.500000e+02	1.603212e-04	6.050078e-06	6.050078e-06
1.500000e+02	2.000000e+02	4.809636e-05	3.130696e-06	3.130696e-06
2.000000e+02	9.000000e+02	2.078594e-06	1.744149e-07	1.744149e-07
# END HISTO1D

