# BEGIN PLOT
XTwosidedTicks=1
YTwosidedTicks=1
Title=$Z\rightarrow ee$, dressed level, $116\,\text{GeV}\leq m_{\ell\ell} < 150\,\text{GeV}$, $|y_{\ell\ell}| < 2.4$
RatioPlotReference=/ATLAS_2015_I1408516/d28-x01-y01
RatioPlot=1
LogX=1
LogY=1
LegendXPos=0.05
XLabel=$p_\text{T}^{\ell\ell}$ [GeV]
YLabel=$1/\sigma$ $\text{d}\sigma/\text{d} p_\text{T}^{\ell\ell}$
XMin=0.9
DrawOnly=/ATLAS_2015_I1408516/d28-x01-y01 //afs/desy.de/user/m/mendizam/ATLAS/POWHEG/YODA_files/hdamp1_pTmin100-0.yoda/ATLAS_2015_I1408516/d28-x01-y01 //afs/desy.de/user/m/mendizam/ATLAS/POWHEG/YODA_files/hdamp1_pTmin100_PSon-0.yoda/ATLAS_2015_I1408516/d28-x01-y01
LegendYPos=0.3
Legend=1
LegendOnly=/ATLAS_2015_I1408516/d28-x01-y01 //afs/desy.de/user/m/mendizam/ATLAS/POWHEG/YODA_files/hdamp1_pTmin100-0.yoda/ATLAS_2015_I1408516/d28-x01-y01 //afs/desy.de/user/m/mendizam/ATLAS/POWHEG/YODA_files/hdamp1_pTmin100_PSon-0.yoda/ATLAS_2015_I1408516/d28-x01-y01
# END PLOT

# BEGIN HISTO1D /ATLAS_2015_I1408516/d28-x01-y01
ConnectBins=0
ErrorBars=1
IsRef=1
Path=/ATLAS_2015_I1408516/d28-x01-y01
PolyMarker=*
Title=Data
# xlow	 xhigh	 val	 errminus	 errplus
0.000000e+00	2.000000e+00	2.181000e-02	1.195578e-03	1.195578e-03
2.000000e+00	4.000000e+00	4.492000e-02	1.243238e-03	1.243238e-03
4.000000e+00	6.000000e+00	4.604000e-02	1.162909e-03	1.162909e-03
6.000000e+00	8.000000e+00	4.296000e-02	1.061903e-03	1.061903e-03
8.000000e+00	1.000000e+01	3.850000e-02	1.045188e-03	1.045188e-03
1.000000e+01	1.300000e+01	3.035000e-02	7.346957e-04	7.346957e-04
1.300000e+01	1.600000e+01	2.439000e-02	6.728281e-04	6.728281e-04
1.600000e+01	2.000000e+01	1.889000e-02	4.915031e-04	4.915031e-04
2.000000e+01	2.500000e+01	1.479000e-02	3.655853e-04	3.655853e-04
2.500000e+01	3.000000e+01	1.076000e-02	3.144425e-04	3.144425e-04
3.000000e+01	3.700000e+01	7.884000e-03	2.403004e-04	2.403004e-04
3.700000e+01	4.500000e+01	5.685000e-03	1.703604e-04	1.703604e-04
4.500000e+01	5.500000e+01	4.160000e-03	1.329249e-04	1.329249e-04
5.500000e+01	6.500000e+01	2.592000e-03	1.180428e-04	1.180428e-04
6.500000e+01	7.500000e+01	1.870000e-03	1.001629e-04	1.001629e-04
7.500000e+01	8.500000e+01	1.267000e-03	8.518161e-05	8.518161e-05
8.500000e+01	1.050000e+02	8.973000e-04	4.598170e-05	4.598170e-05
1.050000e+02	1.500000e+02	3.827000e-04	1.802350e-05	1.802350e-05
1.500000e+02	2.000000e+02	1.226000e-04	8.056229e-06	8.056229e-06
2.000000e+02	9.000000e+02	4.541000e-06	3.651201e-07	3.651201e-07
# END HISTO1D


# BEGIN HISTO1D //afs/desy.de/user/m/mendizam/ATLAS/POWHEG/YODA_files/hdamp1_pTmin100-0.yoda/ATLAS_2015_I1408516/d28-x01-y01
ErrorBars=1
LineColor=red
LineStyle=solid
Path=//afs/desy.de/user/m/mendizam/ATLAS/POWHEG/YODA_files/hdamp1_pTmin100-0.yoda/ATLAS_2015_I1408516/d28-x01-y01
ScaledBy=7.81123726467589198e-07
Title=POWHEG (hdamp=1.0, pTcut=10 GeV)
XLabel=~
YLabel=~
# xlow	 xhigh	 val	 errminus	 errplus
0.000000e+00	2.000000e+00	2.321773e-01	1.057538e-02	1.057538e-02
2.000000e+00	4.000000e+00	9.633910e-04	6.812204e-04	6.812204e-04
4.000000e+00	6.000000e+00	4.816955e-04	4.816956e-04	4.816956e-04
6.000000e+00	8.000000e+00	9.633910e-04	6.812204e-04	6.812204e-04
8.000000e+00	1.000000e+01	4.816955e-04	4.816956e-04	4.816956e-04
1.000000e+01	1.300000e+01	2.697495e-02	2.943209e-03	2.943209e-03
1.300000e+01	1.600000e+01	2.376365e-02	2.799550e-03	2.799550e-03
1.600000e+01	2.000000e+01	1.830443e-02	2.127110e-03	2.127110e-03
2.000000e+01	2.500000e+01	1.425819e-02	1.657481e-03	1.657481e-03
2.500000e+01	3.000000e+01	1.059730e-02	1.454689e-03	1.454689e-03
3.000000e+01	3.700000e+01	6.330856e-03	9.731720e-04	9.731720e-04
3.700000e+01	4.500000e+01	3.853565e-03	6.812204e-04	6.812204e-04
4.500000e+01	5.500000e+01	2.986513e-03	5.363935e-04	5.363935e-04
5.500000e+01	6.500000e+01	1.926782e-03	4.308416e-04	4.308416e-04
6.500000e+01	7.500000e+01	1.059730e-03	3.195207e-04	3.195207e-04
7.500000e+01	8.500000e+01	1.348748e-03	3.604679e-04	3.604679e-04
8.500000e+01	1.050000e+02	7.707130e-04	1.926782e-04	1.926782e-04
1.050000e+02	1.500000e+02	2.997218e-04	8.010398e-05	8.010398e-05
1.500000e+02	2.000000e+02	5.780346e-05	3.337285e-05	3.337285e-05
2.000000e+02	9.000000e+02	0.000000e+00	0.000000e+00	0.000000e+00
# END HISTO1D


# BEGIN HISTO1D //afs/desy.de/user/m/mendizam/ATLAS/POWHEG/YODA_files/hdamp1_pTmin100_PSon-0.yoda/ATLAS_2015_I1408516/d28-x01-y01
ErrorBars=1
LineColor=blue
LineStyle=solid
Path=//afs/desy.de/user/m/mendizam/ATLAS/POWHEG/YODA_files/hdamp1_pTmin100_PSon-0.yoda/ATLAS_2015_I1408516/d28-x01-y01
ScaledBy=7.86427185328184121e-07
Title=POWHEG+Pythia 8 (hdamp=1.0, pTcut=10 GeV)
XLabel=~
YLabel=~
# xlow	 xhigh	 val	 errminus	 errplus
0.000000e+00	2.000000e+00	4.073715e-02	4.444787e-03	4.444787e-03
2.000000e+00	4.000000e+00	4.849660e-02	4.849661e-03	4.849661e-03
4.000000e+00	6.000000e+00	4.510185e-02	4.676843e-03	4.676843e-03
6.000000e+00	8.000000e+00	4.316198e-02	4.575161e-03	4.575161e-03
8.000000e+00	1.000000e+01	3.782735e-02	4.283104e-03	4.283104e-03
1.000000e+01	1.300000e+01	2.554155e-02	2.873648e-03	2.873648e-03
1.300000e+01	1.600000e+01	2.295506e-02	2.724264e-03	2.724264e-03
1.600000e+01	2.000000e+01	1.770126e-02	2.099965e-03	2.099965e-03
2.000000e+01	2.500000e+01	1.435500e-02	1.668734e-03	1.668734e-03
2.500000e+01	3.000000e+01	1.105723e-02	1.464565e-03	1.464565e-03
3.000000e+01	3.700000e+01	7.482333e-03	1.036901e-03	1.036901e-03
3.700000e+01	4.500000e+01	5.698351e-03	8.486906e-04	8.486906e-04
4.500000e+01	5.500000e+01	3.976722e-03	6.360270e-04	6.360270e-04
5.500000e+01	6.500000e+01	2.036857e-03	4.651631e-04	4.651631e-04
6.500000e+01	7.500000e+01	1.842871e-03	4.227836e-04	4.227836e-04
7.500000e+01	8.500000e+01	1.357905e-03	3.629154e-04	3.629154e-04
8.500000e+01	1.050000e+02	8.729390e-04	2.057537e-04	2.057537e-04
1.050000e+02	1.500000e+02	2.802027e-04	7.771423e-05	7.771423e-05
1.500000e+02	2.000000e+02	1.163919e-04	4.751678e-05	4.751678e-05
2.000000e+02	9.000000e+02	0.000000e+00	0.000000e+00	0.000000e+00
# END HISTO1D

