# BEGIN PLOT
XTwosidedTicks=1
YTwosidedTicks=1
Title=$Z\rightarrow ee$, dressed level, $66\,\text{GeV}\leq m_{\ell\ell} < 116\,\text{GeV}$, $1.6 \leq |y_{\ell\ell}| < 2.0$
RatioPlotReference=/ATLAS_2015_I1408516/d33-x01-y01
RatioPlot=1
LogX=1
LogY=1
LegendXPos=0.05
XLabel=$p_\text{T}^{\ell\ell}$ [GeV]
YLabel=$\text{d}\sigma/\text{d} p_\text{T}^{\ell\ell}$ [pb GeV$^{-1}$]
XMin=0.9
DrawOnly=/ATLAS_2015_I1408516/d33-x01-y01 //afs/desy.de/user/m/mendizam/ATLAS/POWHEG/YODA_files/hdamp1_pTmin100-0.yoda/ATLAS_2015_I1408516/d33-x01-y01 //afs/desy.de/user/m/mendizam/ATLAS/POWHEG/YODA_files/hdamp1_pTmin100_PSon-0.yoda/ATLAS_2015_I1408516/d33-x01-y01
LegendYPos=0.3
Legend=1
LegendOnly=/ATLAS_2015_I1408516/d33-x01-y01 //afs/desy.de/user/m/mendizam/ATLAS/POWHEG/YODA_files/hdamp1_pTmin100-0.yoda/ATLAS_2015_I1408516/d33-x01-y01 //afs/desy.de/user/m/mendizam/ATLAS/POWHEG/YODA_files/hdamp1_pTmin100_PSon-0.yoda/ATLAS_2015_I1408516/d33-x01-y01
# END PLOT

# BEGIN HISTO1D /ATLAS_2015_I1408516/d33-x01-y01
ConnectBins=0
ErrorBars=1
IsRef=1
Path=/ATLAS_2015_I1408516/d33-x01-y01
PolyMarker=*
Title=Data
# xlow	 xhigh	 val	 errminus	 errplus
0.000000e+00	2.000000e+00	1.573000e+00	5.362061e-02	5.362061e-02
2.000000e+00	4.000000e+00	3.302000e+00	1.037375e-01	1.037375e-01
4.000000e+00	6.000000e+00	3.315000e+00	9.845048e-02	9.845048e-02
6.000000e+00	8.000000e+00	2.878000e+00	8.772000e-02	8.772000e-02
8.000000e+00	1.000000e+01	2.456000e+00	7.437261e-02	7.437261e-02
1.000000e+01	1.300000e+01	2.010000e+00	5.955844e-02	5.955844e-02
1.300000e+01	1.600000e+01	1.584000e+00	4.767814e-02	4.767814e-02
1.600000e+01	2.000000e+01	1.191000e+00	3.559078e-02	3.559078e-02
2.000000e+01	2.500000e+01	8.876000e-01	2.677552e-02	2.677552e-02
2.500000e+01	3.000000e+01	6.461000e-01	2.015376e-02	2.015376e-02
3.000000e+01	3.700000e+01	4.542000e-01	1.431271e-02	1.431271e-02
3.700000e+01	4.500000e+01	3.054000e-01	9.943104e-03	9.943104e-03
4.500000e+01	5.500000e+01	1.989000e-01	6.780127e-03	6.780127e-03
5.500000e+01	6.500000e+01	1.267000e-01	4.515215e-03	4.515215e-03
6.500000e+01	7.500000e+01	8.266000e-02	3.125816e-03	3.125816e-03
7.500000e+01	8.500000e+01	5.653000e-02	2.210460e-03	2.210460e-03
8.500000e+01	1.050000e+02	3.254000e-02	1.154138e-03	1.154138e-03
1.050000e+02	1.500000e+02	1.266000e-02	4.467025e-04	4.467025e-04
1.500000e+02	2.000000e+02	3.651000e-03	1.526886e-04	1.526886e-04
2.000000e+02	9.000000e+02	1.271000e-04	7.114195e-06	7.114195e-06
# END HISTO1D


# BEGIN HISTO1D //afs/desy.de/user/m/mendizam/ATLAS/POWHEG/YODA_files/hdamp1_pTmin100-0.yoda/ATLAS_2015_I1408516/d33-x01-y01
ErrorBars=1
LineColor=red
LineStyle=solid
Path=//afs/desy.de/user/m/mendizam/ATLAS/POWHEG/YODA_files/hdamp1_pTmin100-0.yoda/ATLAS_2015_I1408516/d33-x01-y01
ScaledBy=9.99999999994852112e-07
Title=POWHEG (hdamp=1.0, pTcut=10 GeV)
XLabel=~
YLabel=~
# xlow	 xhigh	 val	 errminus	 errplus
0.000000e+00	2.000000e+00	1.467120e+01	9.551619e-02	9.551619e-02
2.000000e+00	4.000000e+00	3.656853e-01	1.501690e-02	1.501690e-02
4.000000e+00	6.000000e+00	2.269346e-01	1.182978e-02	1.182978e-02
6.000000e+00	8.000000e+00	1.831510e-01	1.066322e-02	1.066322e-02
8.000000e+00	1.000000e+01	2.232346e-01	1.186188e-02	1.186188e-02
1.000000e+01	1.300000e+01	1.963066e+00	2.865139e-02	2.865139e-02
1.300000e+01	1.600000e+01	1.523997e+00	2.533939e-02	2.533939e-02
1.600000e+01	2.000000e+01	1.153173e+00	1.899203e-02	1.899203e-02
2.000000e+01	2.500000e+01	8.152378e-01	1.433012e-02	1.433012e-02
2.500000e+01	3.000000e+01	5.863298e-01	1.211188e-02	1.211188e-02
3.000000e+01	3.700000e+01	3.948450e-01	8.425931e-03	8.425931e-03
3.700000e+01	4.500000e+01	2.540680e-01	6.322748e-03	6.322748e-03
4.500000e+01	5.500000e+01	1.725443e-01	4.642669e-03	4.642669e-03
5.500000e+01	6.500000e+01	1.043406e-01	3.595773e-03	3.595773e-03
6.500000e+01	7.500000e+01	6.820370e-02	2.916008e-03	2.916008e-03
7.500000e+01	8.500000e+01	4.008355e-02	2.230266e-03	2.230266e-03
8.500000e+01	1.050000e+02	2.386513e-02	1.213133e-03	1.213133e-03
1.050000e+02	1.500000e+02	9.126716e-03	5.016406e-04	5.016406e-04
1.500000e+02	2.000000e+02	2.738014e-03	2.598809e-04	2.598809e-04
2.000000e+02	9.000000e+02	8.809571e-05	1.245862e-05	1.245862e-05
# END HISTO1D


# BEGIN HISTO1D //afs/desy.de/user/m/mendizam/ATLAS/POWHEG/YODA_files/hdamp1_pTmin100_PSon-0.yoda/ATLAS_2015_I1408516/d33-x01-y01
ErrorBars=1
LineColor=blue
LineStyle=solid
Path=//afs/desy.de/user/m/mendizam/ATLAS/POWHEG/YODA_files/hdamp1_pTmin100_PSon-0.yoda/ATLAS_2015_I1408516/d33-x01-y01
ScaledBy=9.99999999994852112e-07
Title=POWHEG+Pythia 8 (hdamp=1.0, pTcut=10 GeV)
XLabel=~
YLabel=~
# xlow	 xhigh	 val	 errminus	 errplus
0.000000e+00	2.000000e+00	2.764531e+00	4.132609e-02	4.132609e-02
2.000000e+00	4.000000e+00	3.186334e+00	4.447298e-02	4.447298e-02
4.000000e+00	6.000000e+00	3.096916e+00	4.384866e-02	4.384866e-02
6.000000e+00	8.000000e+00	2.897115e+00	4.243837e-02	4.243837e-02
8.000000e+00	1.000000e+01	2.501213e+00	3.951503e-02	3.951503e-02
1.000000e+01	1.300000e+01	1.960188e+00	2.861302e-02	2.861302e-02
1.300000e+01	1.600000e+01	1.563875e+00	2.550891e-02	2.550891e-02
1.600000e+01	2.000000e+01	1.245674e+00	1.979597e-02	1.979597e-02
2.000000e+01	2.500000e+01	8.973782e-01	1.502044e-02	1.502044e-02
2.500000e+01	3.000000e+01	6.512036e-01	1.281250e-02	1.281250e-02
3.000000e+01	3.700000e+01	4.478786e-01	8.952882e-03	8.952882e-03
3.700000e+01	4.500000e+01	3.058684e-01	6.935824e-03	6.935824e-03
4.500000e+01	5.500000e+01	1.981977e-01	4.987027e-03	4.987027e-03
5.500000e+01	6.500000e+01	1.229640e-01	3.909902e-03	3.909902e-03
6.500000e+01	7.500000e+01	8.251045e-02	3.213792e-03	3.213792e-03
7.500000e+01	8.500000e+01	5.266362e-02	2.554533e-03	2.554533e-03
8.500000e+01	1.050000e+02	2.904515e-02	1.344001e-03	1.344001e-03
1.050000e+02	1.500000e+02	1.134673e-02	5.590067e-04	5.590067e-04
1.500000e+02	2.000000e+02	3.280684e-03	2.844714e-04	2.844714e-04
2.000000e+02	9.000000e+02	1.215721e-04	1.463556e-05	1.463556e-05
# END HISTO1D

