# BEGIN PLOT
XTwosidedTicks=1
YTwosidedTicks=1
Title=$Z\rightarrow ee$, dressed level, $46\,\text{GeV}\leq m_{\ell\ell} < 66\,\text{GeV}$, $|y_{\ell\ell}| < 2.4$
RatioPlotReference=/ATLAS_2015_I1408516/d14-x01-y01
RatioPlot=1
LogX=1
LogY=1
LegendXPos=0.05
XLabel=$\phi^\ast_\eta$
YLabel=$1/\sigma$ $\text{d}\sigma/\text{d}\phi^\ast_\eta$
XMin=0.001
DrawOnly=/ATLAS_2015_I1408516/d14-x01-y01 //afs/desy.de/user/m/mendizam/ATLAS/POWHEG/YODA_files/hdamp1_pTmin100-PSon.yoda/ATLAS_2015_I1408516/d14-x01-y01 //afs/desy.de/user/m/mendizam/ATLAS/cascade2/YODA_files/hdamp1_pTmin100.yoda/ATLAS_2015_I1408516/d14-x01-y01
LegendYPos=0.3
Legend=1
LegendOnly=/ATLAS_2015_I1408516/d14-x01-y01 //afs/desy.de/user/m/mendizam/ATLAS/POWHEG/YODA_files/hdamp1_pTmin100-PSon.yoda/ATLAS_2015_I1408516/d14-x01-y01 //afs/desy.de/user/m/mendizam/ATLAS/cascade2/YODA_files/hdamp1_pTmin100.yoda/ATLAS_2015_I1408516/d14-x01-y01
# END PLOT

# BEGIN HISTO1D /ATLAS_2015_I1408516/d14-x01-y01
ConnectBins=0
ErrorBars=1
IsRef=1
Path=/ATLAS_2015_I1408516/d14-x01-y01
PolyMarker=*
Title=Data
# xlow	 xhigh	 val	 errminus	 errplus
0.000000e+00	4.000000e-03	6.941000e+00	3.873302e-01	3.873302e-01
4.000000e-03	8.000000e-03	6.819000e+00	1.969263e-01	1.969263e-01
8.000000e-03	1.200000e-02	6.793000e+00	1.563866e-01	1.563866e-01
1.200000e-02	1.600000e-02	6.507000e+00	1.309508e-01	1.309508e-01
1.600000e-02	2.000000e-02	6.498000e+00	1.376902e-01	1.376902e-01
2.000000e-02	2.400000e-02	6.428000e+00	1.234778e-01	1.234778e-01
2.400000e-02	2.900000e-02	6.261000e+00	1.077183e-01	1.077183e-01
2.900000e-02	3.400000e-02	5.900000e+00	1.038802e-01	1.038802e-01
3.400000e-02	3.900000e-02	5.934000e+00	1.069767e-01	1.069767e-01
3.900000e-02	4.500000e-02	5.324000e+00	8.748225e-02	8.748225e-02
4.500000e-02	5.100000e-02	5.159000e+00	8.648060e-02	8.648060e-02
5.100000e-02	5.700000e-02	4.874000e+00	8.399700e-02	8.399700e-02
5.700000e-02	6.400000e-02	4.499000e+00	7.365180e-02	7.365180e-02
6.400000e-02	7.200000e-02	4.231000e+00	6.926446e-02	6.926446e-02
7.200000e-02	8.100000e-02	3.805000e+00	6.229053e-02	6.229053e-02
8.100000e-02	9.100000e-02	3.526000e+00	5.761531e-02	5.761531e-02
9.100000e-02	1.020000e-01	3.202000e+00	5.241900e-02	5.241900e-02
1.020000e-01	1.140000e-01	2.856000e+00	4.913648e-02	4.913648e-02
1.140000e-01	1.280000e-01	2.549000e+00	3.957112e-02	3.957112e-02
1.280000e-01	1.450000e-01	2.122000e+00	3.218172e-02	3.218172e-02
1.450000e-01	1.650000e-01	1.817000e+00	2.980102e-02	2.980102e-02
1.650000e-01	1.890000e-01	1.512000e+00	2.479864e-02	2.479864e-02
1.890000e-01	2.190000e-01	1.240000e+00	2.136977e-02	2.136977e-02
2.190000e-01	2.580000e-01	9.990000e-01	1.638482e-02	1.638482e-02
2.580000e-01	3.120000e-01	7.480000e-01	1.168413e-02	1.168413e-02
3.120000e-01	3.910000e-01	5.450000e-01	9.328897e-03	9.328897e-03
3.910000e-01	5.240000e-01	3.330000e-01	5.777334e-03	5.777334e-03
5.240000e-01	6.950000e-01	1.970000e-01	4.548098e-03	4.548098e-03
6.950000e-01	9.180000e-01	1.030000e-01	2.595518e-03	2.595518e-03
9.180000e-01	1.153000e+00	6.110000e-02	1.909803e-03	1.909803e-03
1.153000e+00	1.496000e+00	3.330000e-02	1.351012e-03	1.351012e-03
1.496000e+00	1.947000e+00	1.740000e-02	7.754233e-04	7.754233e-04
1.947000e+00	2.522000e+00	8.630000e-03	4.749637e-04	4.749637e-04
2.522000e+00	3.277000e+00	4.570000e-03	3.650283e-04	3.650283e-04
3.277000e+00	5.000000e+00	2.070000e-03	1.226726e-04	1.226726e-04
5.000000e+00	1.000000e+01	4.860000e-04	3.479231e-05	3.479231e-05
# END HISTO1D


# BEGIN HISTO1D //afs/desy.de/user/m/mendizam/ATLAS/POWHEG/YODA_files/hdamp1_pTmin100-PSon.yoda/ATLAS_2015_I1408516/d14-x01-y01
LineColor=red
LineStyle=solid
Path=//afs/desy.de/user/m/mendizam/ATLAS/POWHEG/YODA_files/hdamp1_pTmin100-PSon.yoda/ATLAS_2015_I1408516/d14-x01-y01
ScaledBy=1.50010439976581166e-07
Title=POWHEG PS (hdamp1 pT10)
XLabel=~
YLabel=~
# xlow	 xhigh	 val	 errminus	 errplus
0.000000e+00	4.000000e-03	1.373728e+01	7.971179e-01	7.971179e-01
4.000000e-03	8.000000e-03	7.215540e+00	5.777056e-01	5.777056e-01
8.000000e-03	1.200000e-02	6.336725e+00	5.531110e-01	5.531110e-01
1.200000e-02	1.600000e-02	6.938020e+00	5.777056e-01	5.777056e-01
1.600000e-02	2.000000e-02	6.799260e+00	5.683721e-01	5.683721e-01
2.000000e-02	2.400000e-02	6.197965e+00	5.433553e-01	5.433553e-01
2.400000e-02	2.900000e-02	5.920444e+00	4.738667e-01	4.738667e-01
2.900000e-02	3.400000e-02	5.254394e+00	4.409390e-01	4.409390e-01
3.400000e-02	3.900000e-02	4.847364e+00	4.331064e-01	4.331064e-01
3.900000e-02	4.500000e-02	5.550417e+00	4.137036e-01	4.137036e-01
4.500000e-02	5.100000e-02	4.409497e+00	3.713103e-01	3.713103e-01
5.100000e-02	5.700000e-02	4.625347e+00	3.776580e-01	3.776580e-01
5.700000e-02	6.400000e-02	3.726709e+00	3.204534e-01	3.204534e-01
6.400000e-02	7.200000e-02	3.977799e+00	3.085491e-01	3.085491e-01
7.200000e-02	8.100000e-02	3.679720e+00	2.765675e-01	2.765675e-01
8.100000e-02	9.100000e-02	3.052729e+00	2.390906e-01	2.390906e-01
9.100000e-02	1.020000e-01	3.061139e+00	2.293866e-01	2.293866e-01
1.020000e-01	1.140000e-01	2.728955e+00	2.108356e-01	2.108356e-01
1.140000e-01	1.280000e-01	2.286243e+00	1.768084e-01	1.768084e-01
1.280000e-01	1.450000e-01	2.122218e+00	1.535260e-01	1.535260e-01
1.450000e-01	1.650000e-01	1.729879e+00	1.285147e-01	1.285147e-01
1.650000e-01	1.890000e-01	1.780759e+00	1.176714e-01	1.176714e-01
1.890000e-01	2.190000e-01	1.288930e+00	9.168097e-02	9.168097e-02
2.190000e-01	2.580000e-01	1.100595e+00	7.440588e-02	7.440588e-02
2.580000e-01	3.120000e-01	8.702504e-01	5.566888e-02	5.566888e-02
3.120000e-01	3.910000e-01	6.065644e-01	3.812415e-02	3.812415e-02
3.910000e-01	5.240000e-01	3.505526e-01	2.251663e-02	2.251663e-02
5.240000e-01	6.950000e-01	1.828500e-01	1.431289e-02	1.431289e-02
6.950000e-01	9.180000e-01	8.296587e-02	8.460891e-03	8.460891e-03
9.180000e-01	1.153000e+00	4.645030e-02	6.148955e-03	6.148955e-03
1.153000e+00	1.496000e+00	2.427296e-02	3.618399e-03	3.618399e-03
1.496000e+00	1.947000e+00	9.845528e-03	2.009710e-03	2.009710e-03
1.947000e+00	2.522000e+00	6.113503e-03	1.474504e-03	1.474504e-03
2.522000e+00	3.277000e+00	3.675772e-03	9.490803e-04	9.490803e-04
3.277000e+00	5.000000e+00	1.718063e-03	4.295157e-04	4.295157e-04
5.000000e+00	1.000000e+01	4.070306e-04	1.227243e-04	1.227243e-04
# END HISTO1D


# BEGIN HISTO1D //afs/desy.de/user/m/mendizam/ATLAS/cascade2/YODA_files/hdamp1_pTmin100.yoda/ATLAS_2015_I1408516/d14-x01-y01
LineColor=blue
LineStyle=solid
Path=//afs/desy.de/user/m/mendizam/ATLAS/cascade2/YODA_files/hdamp1_pTmin100.yoda/ATLAS_2015_I1408516/d14-x01-y01
ScaledBy=2.53336364234766698e-04
Title=POWHEG cascade (hdamp1 pT10)
XLabel=~
YLabel=~
# xlow	 xhigh	 val	 errminus	 errplus
0.000000e+00	4.000000e-03	9.704370e+00	8.052674e-01	8.052674e-01
4.000000e-03	8.000000e-03	9.768638e+00	7.975368e-01	7.975368e-01
8.000000e-03	1.200000e-02	8.033420e+00	7.242563e-01	7.242563e-01
1.200000e-02	1.600000e-02	8.483290e+00	7.494797e-01	7.494797e-01
1.600000e-02	2.000000e-02	8.868895e+00	7.658339e-01	7.658339e-01
2.000000e-02	2.400000e-02	9.061697e+00	7.792002e-01	7.792002e-01
2.400000e-02	2.900000e-02	8.534704e+00	6.664002e-01	6.664002e-01
2.900000e-02	3.400000e-02	7.917738e+00	6.462625e-01	6.462625e-01
3.400000e-02	3.900000e-02	6.375322e+00	5.771194e-01	5.771194e-01
3.900000e-02	4.500000e-02	6.383890e+00	5.264870e-01	5.264870e-01
4.500000e-02	5.100000e-02	6.169665e+00	5.141388e-01	5.141388e-01
5.100000e-02	5.700000e-02	4.627250e+00	4.493611e-01	4.493611e-01
5.700000e-02	6.400000e-02	5.582079e+00	4.557353e-01	4.557353e-01
6.400000e-02	7.200000e-02	4.562983e+00	3.856041e-01	3.856041e-01
7.200000e-02	8.100000e-02	3.941731e+00	3.379651e-01	3.379651e-01
8.100000e-02	9.100000e-02	3.804627e+00	3.127384e-01	3.127384e-01
9.100000e-02	1.020000e-01	3.154943e+00	2.775027e-01	2.775027e-01
1.020000e-01	1.140000e-01	2.613539e+00	2.461252e-01	2.461252e-01
1.140000e-01	1.280000e-01	2.111641e+00	2.003069e-01	2.003069e-01
1.280000e-01	1.450000e-01	2.056555e+00	1.789227e-01	1.789227e-01
1.450000e-01	1.650000e-01	1.773779e+00	1.531668e-01	1.531668e-01
1.650000e-01	1.890000e-01	1.317481e+00	1.207094e-01	1.207094e-01
1.890000e-01	2.190000e-01	1.131105e+00	1.028278e-01	1.028278e-01
2.190000e-01	2.580000e-01	7.777997e-01	7.280575e-02	7.280575e-02
2.580000e-01	3.120000e-01	6.617157e-01	5.692783e-02	5.692783e-02
3.120000e-01	3.910000e-01	3.579447e-01	3.564626e-02	3.564626e-02
3.910000e-01	5.240000e-01	2.474051e-01	2.254074e-02	2.254074e-02
5.240000e-01	6.950000e-01	1.232730e-01	1.361323e-02	1.361323e-02
6.950000e-01	9.180000e-01	5.648610e-02	8.069443e-03	8.069443e-03
9.180000e-01	1.153000e+00	3.391129e-02	6.284048e-03	6.284048e-03
1.153000e+00	1.496000e+00	1.274105e-02	3.090159e-03	3.090159e-03
1.496000e+00	1.947000e+00	5.699987e-03	1.802494e-03	1.802494e-03
1.947000e+00	2.522000e+00	5.812003e-03	1.611960e-03	1.611960e-03
2.522000e+00	3.277000e+00	1.361958e-03	6.809785e-04	6.809785e-04
3.277000e+00	5.000000e+00	1.342789e-03	4.475962e-04	4.475962e-04
5.000000e+00	1.000000e+01	5.655526e-04	1.705206e-04	1.705206e-04
# END HISTO1D

