# BEGIN PLOT
XTwosidedTicks=1
YTwosidedTicks=1
Title=$Z\rightarrow ee$, dressed level, $46\,\text{GeV}\leq m_{\ell\ell} < 66\,\text{GeV}$, $|y_{\ell\ell}| < 2.4$
RatioPlotReference=/ATLAS_2015_I1408516/d26-x01-y01
RatioPlot=1
LogX=1
LogY=1
LegendXPos=0.05
XLabel=$p_\text{T}^{\ell\ell}$ [GeV]
YLabel=$1/\sigma$ $\text{d}\sigma/\text{d} p_\text{T}^{\ell\ell}$
XMin=0.9
DrawOnly=/ATLAS_2015_I1408516/d26-x01-y01 //afs/desy.de/user/m/mendizam/ATLAS/POWHEG/YODA_files/hdamp1_pTmin100-PSon.yoda/ATLAS_2015_I1408516/d26-x01-y01 //afs/desy.de/user/m/mendizam/ATLAS/cascade2/YODA_files/hdamp1_pTmin100.yoda/ATLAS_2015_I1408516/d26-x01-y01
LegendYPos=0.3
Legend=1
LegendOnly=/ATLAS_2015_I1408516/d26-x01-y01 //afs/desy.de/user/m/mendizam/ATLAS/POWHEG/YODA_files/hdamp1_pTmin100-PSon.yoda/ATLAS_2015_I1408516/d26-x01-y01 //afs/desy.de/user/m/mendizam/ATLAS/cascade2/YODA_files/hdamp1_pTmin100.yoda/ATLAS_2015_I1408516/d26-x01-y01
# END PLOT

# BEGIN HISTO1D /ATLAS_2015_I1408516/d26-x01-y01
ConnectBins=0
ErrorBars=1
IsRef=1
Path=/ATLAS_2015_I1408516/d26-x01-y01
PolyMarker=*
Title=Data
# xlow	 xhigh	 val	 errminus	 errplus
0.000000e+00	2.000000e+00	3.886000e-02	1.851466e-03	1.851466e-03
2.000000e+00	4.000000e+00	7.415000e-02	1.271408e-03	1.271408e-03
4.000000e+00	6.000000e+00	6.674000e-02	1.046776e-03	1.046776e-03
6.000000e+00	8.000000e+00	5.417000e-02	8.161533e-04	8.161533e-04
8.000000e+00	1.000000e+01	4.119000e-02	7.310500e-04	7.310500e-04
1.000000e+01	1.300000e+01	3.160000e-02	5.766459e-04	5.766459e-04
1.300000e+01	1.600000e+01	2.289000e-02	4.685466e-04	4.685466e-04
1.600000e+01	2.000000e+01	1.705000e-02	3.248461e-04	3.248461e-04
2.000000e+01	2.500000e+01	1.254000e-02	2.218552e-04	2.218552e-04
2.500000e+01	3.000000e+01	7.907000e-03	1.766290e-04	1.766290e-04
3.000000e+01	3.700000e+01	4.606000e-03	1.168872e-04	1.168872e-04
3.700000e+01	4.500000e+01	2.797000e-03	8.580000e-05	8.580000e-05
4.500000e+01	5.500000e+01	1.915000e-03	6.264129e-05	6.264129e-05
5.500000e+01	6.500000e+01	1.213000e-03	5.018948e-05	5.018948e-05
6.500000e+01	7.500000e+01	8.436000e-04	4.249099e-05	4.249099e-05
7.500000e+01	8.500000e+01	6.112000e-04	3.547067e-05	3.547067e-05
8.500000e+01	1.050000e+02	3.534000e-04	1.829848e-05	1.829848e-05
1.050000e+02	1.500000e+02	1.279000e-04	7.283565e-06	7.283565e-06
1.500000e+02	2.000000e+02	3.507000e-05	2.559870e-06	2.559870e-06
2.000000e+02	9.000000e+02	1.279000e-06	1.263170e-07	1.263170e-07
# END HISTO1D


# BEGIN HISTO1D //afs/desy.de/user/m/mendizam/ATLAS/POWHEG/YODA_files/hdamp1_pTmin100-PSon.yoda/ATLAS_2015_I1408516/d26-x01-y01
LineColor=red
LineStyle=solid
Path=//afs/desy.de/user/m/mendizam/ATLAS/POWHEG/YODA_files/hdamp1_pTmin100-PSon.yoda/ATLAS_2015_I1408516/d26-x01-y01
ScaledBy=1.50010439976581166e-07
Title=POWHEG PS (hdamp1 pT10)
XLabel=~
YLabel=~
# xlow	 xhigh	 val	 errminus	 errplus
0.000000e+00	2.000000e+00	4.745606e-02	2.099317e-03	2.099317e-03
2.000000e+00	4.000000e+00	4.865865e-02	2.145682e-03	2.145682e-03
4.000000e+00	6.000000e+00	5.171140e-02	2.210510e-03	2.210510e-03
6.000000e+00	8.000000e+00	4.255319e-02	2.018263e-03	2.018263e-03
8.000000e+00	1.000000e+01	3.728029e-02	1.884510e-03	1.884510e-03
1.000000e+01	1.300000e+01	3.348750e-02	1.452879e-03	1.452879e-03
1.300000e+01	1.600000e+01	2.762874e-02	1.319823e-03	1.319823e-03
1.600000e+01	2.000000e+01	2.405180e-02	1.076822e-03	1.076822e-03
2.000000e+01	2.500000e+01	1.901943e-02	8.502590e-04	8.502590e-04
2.500000e+01	3.000000e+01	1.087882e-02	6.472842e-04	6.472842e-04
3.000000e+01	3.700000e+01	5.814721e-03	3.973383e-04	3.973383e-04
3.700000e+01	4.500000e+01	2.728955e-03	2.554431e-04	2.554431e-04
4.500000e+01	5.500000e+01	1.813136e-03	1.904834e-04	1.904834e-04
5.500000e+01	6.500000e+01	1.128585e-03	1.468502e-04	1.468502e-04
6.500000e+01	7.500000e+01	6.845513e-04	1.155411e-04	1.155411e-04
7.500000e+01	8.500000e+01	4.255319e-04	8.872954e-05	8.872954e-05
8.500000e+01	1.050000e+02	2.775208e-04	5.066814e-05	5.066814e-05
1.050000e+02	1.500000e+02	9.456264e-05	1.971768e-05	1.971768e-05
1.500000e+02	2.000000e+02	2.220166e-05	9.063792e-06	9.063792e-06
2.000000e+02	9.000000e+02	2.378750e-06	7.929166e-07	7.929166e-07
# END HISTO1D


# BEGIN HISTO1D //afs/desy.de/user/m/mendizam/ATLAS/cascade2/YODA_files/hdamp1_pTmin100.yoda/ATLAS_2015_I1408516/d26-x01-y01
LineColor=blue
LineStyle=solid
Path=//afs/desy.de/user/m/mendizam/ATLAS/cascade2/YODA_files/hdamp1_pTmin100.yoda/ATLAS_2015_I1408516/d26-x01-y01
ScaledBy=2.53336364234766698e-04
Title=POWHEG cascade (hdamp1 pT10)
XLabel=~
YLabel=~
# xlow	 xhigh	 val	 errminus	 errplus
0.000000e+00	2.000000e+00	5.269925e-02	2.634178e-03	2.634178e-03
2.000000e+00	4.000000e+00	8.740360e-02	3.386103e-03	3.386103e-03
4.000000e+00	6.000000e+00	6.748070e-02	2.978568e-03	2.978568e-03
6.000000e+00	8.000000e+00	5.424165e-02	2.677721e-03	2.677721e-03
8.000000e+00	1.000000e+01	4.460154e-02	2.421779e-03	2.421779e-03
1.000000e+01	1.300000e+01	3.016281e-02	1.639342e-03	1.639342e-03
1.300000e+01	1.600000e+01	2.142245e-02	1.387011e-03	1.387011e-03
1.600000e+01	2.000000e+01	1.593830e-02	1.024253e-03	1.024253e-03
2.000000e+01	2.500000e+01	1.043702e-02	7.538756e-04	7.538756e-04
2.500000e+01	3.000000e+01	7.095116e-03	6.169666e-04	6.169666e-04
3.000000e+01	3.700000e+01	2.864487e-03	3.365829e-04	3.365829e-04
3.700000e+01	4.500000e+01	2.602828e-03	2.892031e-04	2.892031e-04
4.500000e+01	5.500000e+01	1.285347e-03	1.817755e-04	1.817755e-04
5.500000e+01	6.500000e+01	1.028278e-03	1.666000e-04	1.666000e-04
6.500000e+01	7.500000e+01	3.341902e-04	9.268770e-05	9.268770e-05
7.500000e+01	8.500000e+01	3.598972e-04	9.618656e-05	9.618656e-05
8.500000e+01	1.050000e+02	2.570694e-04	5.748248e-05	5.748248e-05
1.050000e+02	1.500000e+02	6.283918e-05	1.894673e-05	1.894673e-05
1.500000e+02	2.000000e+02	2.056556e-05	1.028278e-05	1.028278e-05
2.000000e+02	9.000000e+02	1.468969e-06	7.344840e-07	7.344840e-07
# END HISTO1D

