# BEGIN PLOT
XTwosidedTicks=1
YTwosidedTicks=1
Title=$Z\rightarrow ee$, dressed level, $66\,\text{GeV}\leq m_{\ell\ell} < 116\,\text{GeV}$, $1.6 \leq |y_{\ell\ell}| < 2.0$
RatioPlotReference=/ATLAS_2015_I1408516/d33-x01-y01
RatioPlot=1
LogX=1
LogY=1
LegendXPos=0.05
XLabel=$p_\text{T}^{\ell\ell}$ [GeV]
YLabel=$\text{d}\sigma/\text{d} p_\text{T}^{\ell\ell}$ [pb GeV$^{-1}$]
XMin=0.9
DrawOnly=/ATLAS_2015_I1408516/d33-x01-y01 //afs/desy.de/user/m/mendizam/ATLAS/POWHEG/YODA_files/hdamp1_pTmin100-PSon.yoda/ATLAS_2015_I1408516/d33-x01-y01 //afs/desy.de/user/m/mendizam/ATLAS/cascade2/YODA_files/hdamp1_pTmin100.yoda/ATLAS_2015_I1408516/d33-x01-y01
LegendYPos=0.3
Legend=1
LegendOnly=/ATLAS_2015_I1408516/d33-x01-y01 //afs/desy.de/user/m/mendizam/ATLAS/POWHEG/YODA_files/hdamp1_pTmin100-PSon.yoda/ATLAS_2015_I1408516/d33-x01-y01 //afs/desy.de/user/m/mendizam/ATLAS/cascade2/YODA_files/hdamp1_pTmin100.yoda/ATLAS_2015_I1408516/d33-x01-y01
# END PLOT

# BEGIN HISTO1D /ATLAS_2015_I1408516/d33-x01-y01
ConnectBins=0
ErrorBars=1
IsRef=1
Path=/ATLAS_2015_I1408516/d33-x01-y01
PolyMarker=*
Title=Data
# xlow	 xhigh	 val	 errminus	 errplus
0.000000e+00	2.000000e+00	1.573000e+00	5.362061e-02	5.362061e-02
2.000000e+00	4.000000e+00	3.302000e+00	1.037375e-01	1.037375e-01
4.000000e+00	6.000000e+00	3.315000e+00	9.845048e-02	9.845048e-02
6.000000e+00	8.000000e+00	2.878000e+00	8.772000e-02	8.772000e-02
8.000000e+00	1.000000e+01	2.456000e+00	7.437261e-02	7.437261e-02
1.000000e+01	1.300000e+01	2.010000e+00	5.955844e-02	5.955844e-02
1.300000e+01	1.600000e+01	1.584000e+00	4.767814e-02	4.767814e-02
1.600000e+01	2.000000e+01	1.191000e+00	3.559078e-02	3.559078e-02
2.000000e+01	2.500000e+01	8.876000e-01	2.677552e-02	2.677552e-02
2.500000e+01	3.000000e+01	6.461000e-01	2.015376e-02	2.015376e-02
3.000000e+01	3.700000e+01	4.542000e-01	1.431271e-02	1.431271e-02
3.700000e+01	4.500000e+01	3.054000e-01	9.943104e-03	9.943104e-03
4.500000e+01	5.500000e+01	1.989000e-01	6.780127e-03	6.780127e-03
5.500000e+01	6.500000e+01	1.267000e-01	4.515215e-03	4.515215e-03
6.500000e+01	7.500000e+01	8.266000e-02	3.125816e-03	3.125816e-03
7.500000e+01	8.500000e+01	5.653000e-02	2.210460e-03	2.210460e-03
8.500000e+01	1.050000e+02	3.254000e-02	1.154138e-03	1.154138e-03
1.050000e+02	1.500000e+02	1.266000e-02	4.467025e-04	4.467025e-04
1.500000e+02	2.000000e+02	3.651000e-03	1.526886e-04	1.526886e-04
2.000000e+02	9.000000e+02	1.271000e-04	7.114195e-06	7.114195e-06
# END HISTO1D


# BEGIN HISTO1D //afs/desy.de/user/m/mendizam/ATLAS/POWHEG/YODA_files/hdamp1_pTmin100-PSon.yoda/ATLAS_2015_I1408516/d33-x01-y01
LineColor=red
LineStyle=solid
Path=//afs/desy.de/user/m/mendizam/ATLAS/POWHEG/YODA_files/hdamp1_pTmin100-PSon.yoda/ATLAS_2015_I1408516/d33-x01-y01
ScaledBy=9.99999999994852112e-07
Title=POWHEG PS (hdamp1 pT10)
XLabel=~
YLabel=~
# xlow	 xhigh	 val	 errminus	 errplus
0.000000e+00	2.000000e+00	2.787965e+00	4.152804e-02	4.152804e-02
2.000000e+00	4.000000e+00	3.209767e+00	4.460958e-02	4.460958e-02
4.000000e+00	6.000000e+00	3.125900e+00	4.405200e-02	4.405200e-02
6.000000e+00	8.000000e+00	2.757131e+00	4.151888e-02	4.151888e-02
8.000000e+00	1.000000e+01	2.498130e+00	3.943314e-02	3.943314e-02
1.000000e+01	1.300000e+01	1.990611e+00	2.883660e-02	2.883660e-02
1.300000e+01	1.600000e+01	1.623898e+00	2.607898e-02	2.607898e-02
1.600000e+01	2.000000e+01	1.252457e+00	1.978636e-02	1.978636e-02
2.000000e+01	2.500000e+01	8.899782e-01	1.497582e-02	1.497582e-02
2.500000e+01	3.000000e+01	6.684702e-01	1.294478e-02	1.294478e-02
3.000000e+01	3.700000e+01	4.477024e-01	8.954616e-03	8.954616e-03
3.700000e+01	4.500000e+01	3.166600e-01	7.048002e-03	7.048002e-03
4.500000e+01	5.500000e+01	1.914144e-01	4.893113e-03	4.893113e-03
5.500000e+01	6.500000e+01	1.258007e-01	3.958233e-03	3.958233e-03
6.500000e+01	7.500000e+01	7.918043e-02	3.144412e-03	3.144412e-03
7.500000e+01	8.500000e+01	5.278695e-02	2.551554e-03	2.551554e-03
8.500000e+01	1.050000e+02	2.620847e-02	1.271298e-03	1.271298e-03
1.050000e+02	1.500000e+02	1.112747e-02	5.549607e-04	5.549607e-04
1.500000e+02	2.000000e+02	2.886016e-03	2.668122e-04	2.668122e-04
2.000000e+02	9.000000e+02	1.215721e-04	1.463556e-05	1.463556e-05
# END HISTO1D


# BEGIN HISTO1D //afs/desy.de/user/m/mendizam/ATLAS/cascade2/YODA_files/hdamp1_pTmin100.yoda/ATLAS_2015_I1408516/d33-x01-y01
LineColor=blue
LineStyle=solid
Path=//afs/desy.de/user/m/mendizam/ATLAS/cascade2/YODA_files/hdamp1_pTmin100.yoda/ATLAS_2015_I1408516/d33-x01-y01
ScaledBy=1.21542876767357223e-03
Title=POWHEG cascade (hdamp1 pT10)
XLabel=~
YLabel=~
# xlow	 xhigh	 val	 errminus	 errplus
0.000000e+00	2.000000e+00	2.849013e+00	4.199695e-02	4.199695e-02
2.000000e+00	4.000000e+00	4.165602e+00	5.087055e-02	5.087055e-02
4.000000e+00	6.000000e+00	3.582232e+00	4.720240e-02	4.720240e-02
6.000000e+00	8.000000e+00	2.976663e+00	4.310956e-02	4.310956e-02
8.000000e+00	1.000000e+01	2.469144e+00	3.918642e-02	3.918642e-02
1.000000e+01	1.300000e+01	1.754630e+00	2.703360e-02	2.703360e-02
1.300000e+01	1.600000e+01	1.439306e+00	2.455346e-02	2.455346e-02
1.600000e+01	2.000000e+01	1.166430e+00	1.915898e-02	1.915898e-02
2.000000e+01	2.500000e+01	8.406436e-01	1.450943e-02	1.450943e-02
2.500000e+01	3.000000e+01	5.964426e-01	1.226413e-02	1.226413e-02
3.000000e+01	3.700000e+01	4.432971e-01	8.935520e-03	8.935520e-03
3.700000e+01	4.500000e+01	2.764220e-01	6.600451e-03	6.600451e-03
4.500000e+01	5.500000e+01	1.789575e-01	4.743146e-03	4.743146e-03
5.500000e+01	6.500000e+01	1.149472e-01	3.777320e-03	3.777320e-03
6.500000e+01	7.500000e+01	7.622033e-02	3.075938e-03	3.075938e-03
7.500000e+01	8.500000e+01	4.711354e-02	2.423126e-03	2.423126e-03
8.500000e+01	1.050000e+02	2.664011e-02	1.281723e-03	1.281723e-03
1.050000e+02	1.500000e+02	9.894118e-03	5.221835e-04	5.221835e-04
1.500000e+02	2.000000e+02	3.009346e-03	2.724534e-04	2.724534e-04
2.000000e+02	9.000000e+02	9.161944e-05	1.270533e-05	1.270533e-05
# END HISTO1D

