# BEGIN PLOT
XTwosidedTicks=1
YTwosidedTicks=1
Title=$Z\rightarrow ee$, dressed level, $116\,\text{GeV}\leq m_{\ell\ell} < 150\,\text{GeV}$, $0.8\leq |y_{\ell\ell}| < 1.6$
RatioPlotReference=/ATLAS_2015_I1408516/d12-x01-y01
RatioPlot=1
LogX=1
LogY=1
LegendXPos=0.05
XLabel=$\phi^\ast_\eta$
YLabel=$1/\sigma$ $\text{d}\sigma/\text{d}\phi^\ast_\eta$
XMin=0.001
DrawOnly=/ATLAS_2015_I1408516/d12-x01-y01 //afs/desy.de/user/m/mendizam/ATLAS/POWHEG/YODA_files/hdamp1-pTmin64_PSon-0.yoda/ATLAS_2015_I1408516/d12-x01-y01 //afs/desy.de/user/m/mendizam/ATLAS/cascade2/YODA_files/hdamp1_pTmin64-0-0.yoda/ATLAS_2015_I1408516/d12-x01-y01 //afs/desy.de/user/m/mendizam/ATLAS/POWHEG/YODA_files/hdamp1_pTmin100-PSon.yoda/ATLAS_2015_I1408516/d12-x01-y01
LegendYPos=0.3
Legend=1
LegendOnly=/ATLAS_2015_I1408516/d12-x01-y01 //afs/desy.de/user/m/mendizam/ATLAS/POWHEG/YODA_files/hdamp1-pTmin64_PSon-0.yoda/ATLAS_2015_I1408516/d12-x01-y01 //afs/desy.de/user/m/mendizam/ATLAS/cascade2/YODA_files/hdamp1_pTmin64-0-0.yoda/ATLAS_2015_I1408516/d12-x01-y01 //afs/desy.de/user/m/mendizam/ATLAS/POWHEG/YODA_files/hdamp1_pTmin100-PSon.yoda/ATLAS_2015_I1408516/d12-x01-y01
# END PLOT

# BEGIN HISTO1D /ATLAS_2015_I1408516/d12-x01-y01
ConnectBins=0
ErrorBars=1
IsRef=1
Path=/ATLAS_2015_I1408516/d12-x01-y01
PolyMarker=*
Title=Data
# xlow	 xhigh	 val	 errminus	 errplus
0.000000e+00	4.000000e-03	1.097200e+01	4.375064e-01	4.375064e-01
4.000000e-03	8.000000e-03	1.198900e+01	3.941811e-01	3.941811e-01
8.000000e-03	1.200000e-02	1.062800e+01	3.698483e-01	3.698483e-01
1.200000e-02	1.600000e-02	1.071800e+01	3.594926e-01	3.594926e-01
1.600000e-02	2.000000e-02	9.871000e+00	3.456260e-01	3.456260e-01
2.000000e-02	2.400000e-02	9.754000e+00	3.504660e-01	3.504660e-01
2.400000e-02	2.900000e-02	8.577000e+00	2.857570e-01	2.857570e-01
2.900000e-02	3.400000e-02	7.516000e+00	3.044676e-01	3.044676e-01
3.400000e-02	3.900000e-02	7.643000e+00	2.705449e-01	2.705449e-01
3.900000e-02	4.500000e-02	6.365000e+00	2.268299e-01	2.268299e-01
4.500000e-02	5.100000e-02	6.080000e+00	2.185420e-01	2.185420e-01
5.100000e-02	5.700000e-02	5.577000e+00	2.057452e-01	2.057452e-01
5.700000e-02	6.400000e-02	4.794000e+00	1.822351e-01	1.822351e-01
6.400000e-02	7.200000e-02	4.645000e+00	1.787571e-01	1.787571e-01
7.200000e-02	8.100000e-02	4.082000e+00	1.486431e-01	1.486431e-01
8.100000e-02	9.100000e-02	3.474000e+00	1.294735e-01	1.294735e-01
9.100000e-02	1.020000e-01	3.205000e+00	1.210710e-01	1.210710e-01
1.020000e-01	1.140000e-01	2.435000e+00	1.017469e-01	1.017469e-01
1.140000e-01	1.280000e-01	2.051000e+00	8.528314e-02	8.528314e-02
1.280000e-01	1.450000e-01	1.828000e+00	8.088771e-02	8.088771e-02
1.450000e-01	1.650000e-01	1.608000e+00	6.791778e-02	6.791778e-02
1.650000e-01	1.890000e-01	1.211000e+00	5.259143e-02	5.259143e-02
1.890000e-01	2.190000e-01	9.400000e-01	4.274675e-02	4.274675e-02
2.190000e-01	2.580000e-01	7.740000e-01	3.470076e-02	3.470076e-02
2.580000e-01	3.120000e-01	5.470000e-01	2.742102e-02	2.742102e-02
3.120000e-01	3.910000e-01	3.550000e-01	1.845317e-02	1.845317e-02
3.910000e-01	5.240000e-01	2.120000e-01	1.117182e-02	1.117182e-02
5.240000e-01	6.950000e-01	1.010000e-01	7.258661e-03	7.258661e-03
6.950000e-01	9.180000e-01	5.040000e-02	4.329416e-03	4.329416e-03
9.180000e-01	1.153000e+00	2.540000e-02	2.901165e-03	2.901165e-03
1.153000e+00	1.496000e+00	1.140000e-02	3.444611e-03	3.444611e-03
1.496000e+00	1.947000e+00	5.230000e-03	9.077478e-04	9.077478e-04
1.947000e+00	2.522000e+00	2.360000e-03	5.490235e-04	5.490235e-04
2.522000e+00	3.277000e+00	1.470000e-03	3.806392e-04	3.806392e-04
3.277000e+00	5.000000e+00	6.540000e-04	1.789906e-04	1.789906e-04
5.000000e+00	1.000000e+01	2.280000e-04	5.534533e-05	5.534533e-05
# END HISTO1D


# BEGIN HISTO1D //afs/desy.de/user/m/mendizam/ATLAS/POWHEG/YODA_files/hdamp1-pTmin64_PSon-0.yoda/ATLAS_2015_I1408516/d12-x01-y01
LineColor=red
LineStyle=solid
Path=//afs/desy.de/user/m/mendizam/ATLAS/POWHEG/YODA_files/hdamp1-pTmin64_PSon-0.yoda/ATLAS_2015_I1408516/d12-x01-y01
ScaledBy=2.26482242478591055e-06
Title=POWHEG pythia8 (pTsqmin64)
XLabel=~
YLabel=~
# xlow	 xhigh	 val	 errminus	 errplus
0.000000e+00	4.000000e-03	1.955307e+01	3.695184e+00	3.695184e+00
4.000000e-03	8.000000e-03	1.536313e+01	3.275430e+00	3.275430e+00
8.000000e-03	1.200000e-02	8.379888e+00	2.419065e+00	2.419065e+00
1.200000e-02	1.600000e-02	6.983240e+00	2.208294e+00	2.208294e+00
1.600000e-02	2.000000e-02	7.681565e+00	2.316079e+00	2.316079e+00
2.000000e-02	2.400000e-02	1.256983e+01	2.962738e+00	2.962738e+00
2.400000e-02	2.900000e-02	8.938548e+00	2.234636e+00	2.234636e+00
2.900000e-02	3.400000e-02	6.145252e+00	1.852863e+00	1.852863e+00
3.400000e-02	3.900000e-02	7.262570e+00	2.014274e+00	2.014274e+00
3.900000e-02	4.500000e-02	7.448790e+00	1.862197e+00	1.862197e+00
4.500000e-02	5.100000e-02	6.517692e+00	1.741926e+00	1.741926e+00
5.100000e-02	5.700000e-02	4.655493e+00	1.472196e+00	1.472196e+00
5.700000e-02	6.400000e-02	6.783719e+00	1.645294e+00	1.645294e+00
6.400000e-02	7.200000e-02	3.142458e+00	1.047486e+00	1.047486e+00
7.200000e-02	8.100000e-02	3.414029e+00	1.119041e+00	1.119041e+00
8.100000e-02	9.100000e-02	2.513966e+00	8.379888e-01	8.379888e-01
9.100000e-02	1.020000e-01	1.777552e+00	6.718515e-01	6.718515e-01
1.020000e-01	1.140000e-01	3.258846e+00	8.709629e-01	8.709629e-01
1.140000e-01	1.280000e-01	2.394254e+00	6.911615e-01	6.911615e-01
1.280000e-01	1.450000e-01	1.314492e+00	4.647432e-01	4.647432e-01
1.450000e-01	1.650000e-01	1.396648e+00	4.416589e-01	4.416589e-01
1.650000e-01	1.890000e-01	1.280261e+00	3.860131e-01	3.860131e-01
1.890000e-01	2.190000e-01	1.024209e+00	3.088105e-01	3.088105e-01
2.190000e-01	2.580000e-01	5.729838e-01	2.025804e-01	2.025804e-01
2.580000e-01	3.120000e-01	3.620939e-01	1.368586e-01	1.368586e-01
3.120000e-01	3.910000e-01	2.121491e-01	8.660950e-02	8.660950e-02
3.910000e-01	5.240000e-01	3.150334e-01	8.134126e-02	8.134126e-02
5.240000e-01	6.950000e-01	4.900519e-02	3.652632e-02	3.652632e-02
6.950000e-01	9.180000e-01	1.002079e-01	3.542885e-02	3.542885e-02
9.180000e-01	1.153000e+00	3.565910e-02	2.058779e-02	2.058779e-02
1.153000e+00	1.496000e+00	0.000000e+00	0.000000e+00	0.000000e+00
1.496000e+00	1.947000e+00	6.193561e-03	6.193561e-03	6.193561e-03
1.947000e+00	2.522000e+00	0.000000e+00	0.000000e+00	0.000000e+00
2.522000e+00	3.277000e+00	3.699730e-03	3.699730e-03	3.699730e-03
3.277000e+00	5.000000e+00	4.863545e-03	2.807969e-03	2.807969e-03
5.000000e+00	1.000000e+01	1.117318e-03	7.900635e-04	7.900635e-04
# END HISTO1D


# BEGIN HISTO1D //afs/desy.de/user/m/mendizam/ATLAS/cascade2/YODA_files/hdamp1_pTmin64-0-0.yoda/ATLAS_2015_I1408516/d12-x01-y01
LineColor=blue
LineStyle=solid
Path=//afs/desy.de/user/m/mendizam/ATLAS/cascade2/YODA_files/hdamp1_pTmin64-0-0.yoda/ATLAS_2015_I1408516/d12-x01-y01
ScaledBy=2.49488216929927634e-03
Title=POWHEG cascade (pTsqmin64)
XLabel=~
YLabel=~
# xlow	 xhigh	 val	 errminus	 errplus
0.000000e+00	4.000000e-03	1.962025e+01	3.523901e+00	3.523901e+00
4.000000e-03	8.000000e-03	1.518987e+01	3.100620e+00	3.100620e+00
8.000000e-03	1.200000e-02	1.139241e+01	2.685215e+00	2.685215e+00
1.200000e-02	1.600000e-02	1.392405e+01	2.968617e+00	2.968617e+00
1.600000e-02	2.000000e-02	1.075949e+01	2.609561e+00	2.609561e+00
2.000000e-02	2.400000e-02	7.594938e+00	2.192469e+00	2.192469e+00
2.400000e-02	2.900000e-02	1.063291e+01	2.320291e+00	2.320291e+00
2.900000e-02	3.400000e-02	7.088608e+00	1.894510e+00	1.894510e+00
3.400000e-02	3.900000e-02	7.594936e+00	1.961004e+00	1.961004e+00
3.900000e-02	4.500000e-02	5.485232e+00	1.521330e+00	1.521330e+00
4.500000e-02	5.100000e-02	6.329113e+00	1.634170e+00	1.634170e+00
5.100000e-02	5.700000e-02	4.219410e+00	1.461646e+00	1.461646e+00
5.700000e-02	6.400000e-02	5.424954e+00	1.400717e+00	1.400717e+00
6.400000e-02	7.200000e-02	3.164558e+00	1.000721e+00	1.000721e+00
7.200000e-02	8.100000e-02	2.812940e+00	8.895296e-01	8.895296e-01
8.100000e-02	9.100000e-02	4.303797e+00	1.043824e+00	1.043824e+00
9.100000e-02	1.020000e-01	2.991945e+00	8.298162e-01	8.298162e-01
1.020000e-01	1.140000e-01	1.687763e+00	5.967146e-01	5.967146e-01
1.140000e-01	1.280000e-01	2.531646e+00	6.766107e-01	6.766107e-01
1.280000e-01	1.450000e-01	2.084885e+00	5.572088e-01	5.572088e-01
1.450000e-01	1.650000e-01	7.594935e-01	3.100620e-01	3.100620e-01
1.650000e-01	1.890000e-01	1.160338e+00	3.498549e-01	3.498549e-01
1.890000e-01	2.190000e-01	1.350211e+00	3.375528e-01	3.375528e-01
2.190000e-01	2.580000e-01	2.596559e-01	1.298280e-01	1.298280e-01
2.580000e-01	3.120000e-01	3.750585e-01	1.326032e-01	1.326032e-01
3.120000e-01	3.910000e-01	2.243230e-01	8.478614e-02	8.478614e-02
3.910000e-01	5.240000e-01	1.332445e-01	5.036169e-02	5.036169e-02
5.240000e-01	6.950000e-01	1.184395e-01	4.681735e-02	4.681735e-02
6.950000e-01	9.180000e-01	6.811601e-02	2.780825e-02	2.780825e-02
9.180000e-01	1.153000e+00	2.154592e-02	1.523527e-02	1.523527e-02
1.153000e+00	1.496000e+00	0.000000e+00	0.000000e+00	0.000000e+00
1.496000e+00	1.947000e+00	5.613406e-03	5.613405e-03	5.613405e-03
1.947000e+00	2.522000e+00	4.402863e-03	4.402862e-03	4.402862e-03
2.522000e+00	3.277000e+00	3.353174e-03	3.353173e-03	3.353173e-03
3.277000e+00	5.000000e+00	1.469324e-03	1.469324e-03	1.469324e-03
5.000000e+00	1.000000e+01	5.063292e-04	5.063291e-04	5.063291e-04
# END HISTO1D


# BEGIN HISTO1D //afs/desy.de/user/m/mendizam/ATLAS/POWHEG/YODA_files/hdamp1_pTmin100-PSon.yoda/ATLAS_2015_I1408516/d12-x01-y01
LineColor=green
LineStyle=solid
Path=//afs/desy.de/user/m/mendizam/ATLAS/POWHEG/YODA_files/hdamp1_pTmin100-PSon.yoda/ATLAS_2015_I1408516/d12-x01-y01
ScaledBy=2.12810086108492231e-06
Title=POWHEG pythia8 (pTsqmin100)
XLabel=~
YLabel=~
# xlow	 xhigh	 val	 errminus	 errplus
0.000000e+00	4.000000e-03	2.165354e+01	3.769398e+00	3.769398e+00
4.000000e-03	8.000000e-03	9.842520e+00	2.541327e+00	2.541327e+00
8.000000e-03	1.200000e-02	9.842520e+00	2.541327e+00	2.541327e+00
1.200000e-02	1.600000e-02	1.181102e+01	2.783884e+00	2.783884e+00
1.600000e-02	2.000000e-02	1.049869e+01	2.624671e+00	2.624671e+00
2.000000e-02	2.400000e-02	8.530183e+00	2.365847e+00	2.365847e+00
2.400000e-02	2.900000e-02	7.349082e+00	1.964125e+00	1.964125e+00
2.900000e-02	3.400000e-02	6.824146e+00	1.892678e+00	1.892678e+00
3.400000e-02	3.900000e-02	7.874016e+00	2.033062e+00	2.033062e+00
3.900000e-02	4.500000e-02	7.436570e+00	1.803633e+00	1.803633e+00
4.500000e-02	5.100000e-02	4.811898e+00	1.450842e+00	1.450842e+00
5.100000e-02	5.700000e-02	3.937008e+00	1.312336e+00	1.312336e+00
5.700000e-02	6.400000e-02	5.249344e+00	1.402946e+00	1.402946e+00
6.400000e-02	7.200000e-02	7.217848e+00	1.538851e+00	1.538851e+00
7.200000e-02	8.100000e-02	2.916302e+00	9.222157e-01	9.222157e-01
8.100000e-02	9.100000e-02	3.149606e+00	9.092130e-01	9.092130e-01
9.100000e-02	1.020000e-01	2.386065e+00	7.545401e-01	7.545401e-01
1.020000e-01	1.140000e-01	2.624672e+00	7.576775e-01	7.576775e-01
1.140000e-01	1.280000e-01	2.249719e+00	6.494379e-01	6.494379e-01
1.280000e-01	1.450000e-01	2.161495e+00	6.175697e-01	6.175697e-01
1.450000e-01	1.650000e-01	2.099737e+00	5.249343e-01	5.249343e-01
1.650000e-01	1.890000e-01	1.093613e+00	3.458309e-01	3.458309e-01
1.890000e-01	2.190000e-01	1.049869e+00	3.030710e-01	3.030710e-01
2.190000e-01	2.580000e-01	4.037956e-01	1.648489e-01	1.648489e-01
2.580000e-01	3.120000e-01	6.804706e-01	1.818634e-01	1.818634e-01
3.120000e-01	3.910000e-01	2.325658e-01	8.790164e-02	8.790164e-02
3.910000e-01	5.240000e-01	9.867188e-02	4.412740e-02	4.412740e-02
5.240000e-01	6.950000e-01	6.139585e-02	3.069792e-02	3.069792e-02
6.950000e-01	9.180000e-01	2.353966e-02	1.664505e-02	1.664505e-02
9.180000e-01	1.153000e+00	3.350645e-02	2.497423e-02	2.497423e-02
1.153000e+00	1.496000e+00	3.060843e-02	1.530421e-02	1.530421e-02
1.496000e+00	1.947000e+00	5.819672e-03	5.819672e-03	5.819672e-03
1.947000e+00	2.522000e+00	0.000000e+00	0.000000e+00	0.000000e+00
2.522000e+00	3.277000e+00	3.476387e-03	3.476387e-03	3.476387e-03
3.277000e+00	5.000000e+00	1.523315e-03	1.523315e-03	1.523315e-03
5.000000e+00	1.000000e+01	0.000000e+00	0.000000e+00	0.000000e+00
# END HISTO1D

