# BEGIN PLOT
XTwosidedTicks=1
YTwosidedTicks=1
Title=$Z\rightarrow ee$, dressed level, $66\,\text{GeV}\leq m_{\ell\ell} < 116\,\text{GeV}$, $|y_{\ell\ell}| < 2.4$
RatioPlotReference=/ATLAS_2015_I1408516/d39-x01-y01
RatioPlot=1
LogX=1
LogY=1
LegendXPos=0.05
XLabel=$p_\text{T}^{\ell\ell}$ [GeV]
YLabel=$\text{d}\sigma/\text{d} p_\text{T}^{\ell\ell}$ [pb GeV$^{-1}$]
XMin=0.9
DrawOnly=/ATLAS_2015_I1408516/d39-x01-y01 //afs/desy.de/user/m/mendizam/ATLAS/POWHEG/YODA_files/hdamp1_pTmin100-0.yoda/ATLAS_2015_I1408516/d39-x01-y01
LegendYPos=0.3
Legend=1
LegendOnly=/ATLAS_2015_I1408516/d39-x01-y01 //afs/desy.de/user/m/mendizam/ATLAS/POWHEG/YODA_files/hdamp1_pTmin100-0.yoda/ATLAS_2015_I1408516/d39-x01-y01
# END PLOT

# BEGIN HISTO1D /ATLAS_2015_I1408516/d39-x01-y01
ConnectBins=0
ErrorBars=1
IsRef=1
Path=/ATLAS_2015_I1408516/d39-x01-y01
PolyMarker=*
Title=Data
# xlow	 xhigh	 val	 errminus	 errplus
0.000000e+00	2.000000e+00	1.375000e+01	4.211183e-01	4.211183e-01
2.000000e+00	4.000000e+00	2.868000e+01	8.459385e-01	8.459385e-01
4.000000e+00	6.000000e+00	2.902000e+01	8.475629e-01	8.475629e-01
6.000000e+00	8.000000e+00	2.547000e+01	7.438810e-01	7.438810e-01
8.000000e+00	1.000000e+01	2.153000e+01	6.288087e-01	6.288087e-01
1.000000e+01	1.200000e+01	1.808000e+01	5.280474e-01	5.280474e-01
1.200000e+01	1.400000e+01	1.519000e+01	4.436416e-01	4.436416e-01
1.400000e+01	1.600000e+01	1.282000e+01	3.755188e-01	3.755188e-01
1.600000e+01	1.800000e+01	1.094000e+01	3.210102e-01	3.210102e-01
1.800000e+01	2.000000e+01	9.396000e+00	2.757050e-01	2.757050e-01
2.000000e+01	2.250000e+01	7.960000e+00	2.358633e-01	2.358633e-01
2.250000e+01	2.500000e+01	6.637000e+00	1.987779e-01	1.987779e-01
2.500000e+01	2.750000e+01	5.654000e+00	1.682006e-01	1.682006e-01
2.750000e+01	3.000000e+01	4.836000e+00	1.470812e-01	1.470812e-01
3.000000e+01	3.300000e+01	4.048000e+00	1.231151e-01	1.231151e-01
3.300000e+01	3.600000e+01	3.457000e+00	1.064397e-01	1.064397e-01
3.600000e+01	3.900000e+01	2.919000e+00	9.128586e-02	9.128586e-02
3.900000e+01	4.200000e+01	2.502000e+00	7.860422e-02	7.860422e-02
4.200000e+01	4.500000e+01	2.154000e+00	6.882696e-02	6.882696e-02
4.500000e+01	4.800000e+01	1.875000e+00	6.023392e-02	6.023392e-02
4.800000e+01	5.100000e+01	1.613000e+00	5.181723e-02	5.181723e-02
5.100000e+01	5.400000e+01	1.427000e+00	4.667839e-02	4.667839e-02
5.400000e+01	5.700000e+01	1.243000e+00	4.090584e-02	4.090584e-02
5.700000e+01	6.100000e+01	1.060000e+00	3.467351e-02	3.467351e-02
6.100000e+01	6.500000e+01	8.972000e-01	2.994552e-02	2.994552e-02
6.500000e+01	7.000000e+01	7.591000e-01	2.518794e-02	2.518794e-02
7.000000e+01	7.500000e+01	6.000000e-01	2.032043e-02	2.032043e-02
7.500000e+01	8.000000e+01	4.979000e-01	1.672974e-02	1.672974e-02
8.000000e+01	8.500000e+01	4.092000e-01	1.391882e-02	1.391882e-02
8.500000e+01	9.500000e+01	3.027000e-01	9.859846e-03	9.859846e-03
9.500000e+01	1.050000e+02	2.173000e-01	7.024540e-03	7.024540e-03
1.050000e+02	1.250000e+02	1.366000e-01	4.330457e-03	4.330457e-03
1.250000e+02	1.500000e+02	7.046000e-02	2.248105e-03	2.248105e-03
1.500000e+02	1.750000e+02	3.569000e-02	1.186391e-03	1.186391e-03
1.750000e+02	2.000000e+02	2.024000e-02	7.109975e-04	7.109975e-04
2.000000e+02	2.500000e+02	9.242000e-03	3.334813e-04	3.334813e-04
2.500000e+02	3.000000e+02	3.468000e-03	1.472573e-04	1.472573e-04
3.000000e+02	3.500000e+02	1.483000e-03	7.962757e-05	7.962757e-05
3.500000e+02	4.000000e+02	6.297000e-04	4.007386e-05	4.007386e-05
4.000000e+02	4.700000e+02	2.945000e-04	2.482375e-05	2.482375e-05
4.700000e+02	5.500000e+02	9.920000e-05	1.105090e-05	1.105090e-05
5.500000e+02	6.500000e+02	3.401000e-05	5.540813e-06	5.540813e-06
6.500000e+02	9.000000e+02	7.920000e-06	1.607838e-06	1.607838e-06
# END HISTO1D


# BEGIN HISTO1D //afs/desy.de/user/m/mendizam/ATLAS/POWHEG/YODA_files/hdamp1_pTmin100-0.yoda/ATLAS_2015_I1408516/d39-x01-y01
ErrorBars=1
LineColor=red
LineStyle=solid
Path=//afs/desy.de/user/m/mendizam/ATLAS/POWHEG/YODA_files/hdamp1_pTmin100-0.yoda/ATLAS_2015_I1408516/d39-x01-y01
ScaledBy=9.99999999994852112e-07
Title=POWHEG (hdamp=1.0, pTcut=10 GeV)
XLabel=~
YLabel=~
# xlow	 xhigh	 val	 errminus	 errplus
0.000000e+00	2.000000e+00	1.302087e+02	2.851177e-01	2.851177e-01
2.000000e+00	4.000000e+00	3.268351e+00	4.508022e-02	4.508022e-02
4.000000e+00	6.000000e+00	1.899960e+00	3.446187e-02	3.446187e-02
6.000000e+00	8.000000e+00	1.544142e+00	3.103021e-02	3.103021e-02
8.000000e+00	1.000000e+01	1.677959e+00	3.289228e-02	3.289228e-02
1.000000e+01	1.200000e+01	1.829105e+01	1.075714e-01	1.075714e-01
1.200000e+01	1.400000e+01	1.529157e+01	9.830230e-02	9.830230e-02
1.400000e+01	1.600000e+01	1.283845e+01	9.015412e-02	9.015412e-02
1.600000e+01	1.800000e+01	1.105936e+01	8.363555e-02	8.363555e-02
1.800000e+01	2.000000e+01	9.211815e+00	7.634763e-02	7.634763e-02
2.000000e+01	2.250000e+01	7.689628e+00	6.249420e-02	6.249420e-02
2.250000e+01	2.500000e+01	6.388700e+00	5.698404e-02	5.698404e-02
2.500000e+01	2.750000e+01	5.269816e+00	5.176032e-02	5.176032e-02
2.750000e+01	3.000000e+01	4.472584e+00	4.757048e-02	4.757048e-02
3.000000e+01	3.300000e+01	3.720163e+00	3.964421e-02	3.964421e-02
3.300000e+01	3.600000e+01	3.049228e+00	3.581409e-02	3.581409e-02
3.600000e+01	3.900000e+01	2.548080e+00	3.280159e-02	3.280159e-02
3.900000e+01	4.200000e+01	2.245090e+00	3.074567e-02	3.074567e-02
4.200000e+01	4.500000e+01	1.829043e+00	2.780719e-02	2.780719e-02
4.500000e+01	4.800000e+01	1.580731e+00	2.578897e-02	2.578897e-02
4.800000e+01	5.100000e+01	1.394908e+00	2.415094e-02	2.415094e-02
5.100000e+01	5.400000e+01	1.141662e+00	2.191276e-02	2.191276e-02
5.400000e+01	5.700000e+01	9.920163e-01	2.042782e-02	2.042782e-02
5.700000e+01	6.100000e+01	8.442213e-01	1.635048e-02	1.635048e-02
6.100000e+01	6.500000e+01	7.279790e-01	1.514612e-02	1.514612e-02
6.500000e+01	7.000000e+01	5.846032e-01	1.211941e-02	1.211941e-02
7.000000e+01	7.500000e+01	4.768092e-01	1.092324e-02	1.092324e-02
7.500000e+01	8.000000e+01	3.924488e-01	9.906723e-03	9.906723e-03
8.000000e+01	8.500000e+01	2.992082e-01	8.661524e-03	8.661524e-03
8.500000e+01	9.500000e+01	2.221245e-01	5.283246e-03	5.283246e-03
9.500000e+01	1.050000e+02	1.611975e-01	4.475852e-03	4.475852e-03
1.050000e+02	1.250000e+02	9.583050e-02	2.440331e-03	2.440331e-03
1.250000e+02	1.500000e+02	5.066560e-02	1.585598e-03	1.585598e-03
1.500000e+02	1.750000e+02	2.614681e-02	1.135745e-03	1.135745e-03
1.750000e+02	2.000000e+02	1.302407e-02	8.015761e-04	8.015761e-04
2.000000e+02	2.500000e+02	6.956038e-03	4.142260e-04	4.142260e-04
2.500000e+02	3.000000e+02	3.478018e-03	2.929020e-04	2.929020e-04
3.000000e+02	3.500000e+02	1.332007e-03	1.812632e-04	1.812632e-04
3.500000e+02	4.000000e+02	3.946688e-04	9.866720e-05	9.866720e-05
4.000000e+02	4.700000e+02	2.642871e-04	6.823864e-05	6.823864e-05
4.700000e+02	5.500000e+02	1.695842e-04	5.113157e-05	5.113157e-05
5.500000e+02	6.500000e+02	6.166700e-05	2.757832e-05	2.757832e-05
6.500000e+02	9.000000e+02	9.866720e-06	6.976824e-06	6.976824e-06
# END HISTO1D

