# BEGIN PLOT
XTwosidedTicks=1
YTwosidedTicks=1
Title=$Z\rightarrow ee$, dressed level, $46\,\text{GeV}\leq m_{\ell\ell} < 66\,\text{GeV}$, $0.8\leq |y_{\ell\ell}| < 1.6$
RatioPlotReference=/ATLAS_2015_I1408516/d03-x01-y01
RatioPlot=1
LogX=1
LogY=1
LegendXPos=0.05
XLabel=$\phi^\ast_\eta$
YLabel=$1/\sigma$ $\text{d}\sigma/\text{d}\phi^\ast_\eta$
XMin=0.001
DrawOnly=/ATLAS_2015_I1408516/d03-x01-y01 //afs/desy.de/user/m/mendizam/ATLAS/POWHEG/YODA_files/hdamp91_pT1001.yoda/ATLAS_2015_I1408516/d03-x01-y01 //afs/desy.de/user/m/mendizam/ATLAS/POWHEG/YODA_files/hdamp91_pT100.yoda/ATLAS_2015_I1408516/d03-x01-y01
LegendYPos=0.3
Legend=1
LegendOnly=/ATLAS_2015_I1408516/d03-x01-y01 //afs/desy.de/user/m/mendizam/ATLAS/POWHEG/YODA_files/hdamp91_pT1001.yoda/ATLAS_2015_I1408516/d03-x01-y01 //afs/desy.de/user/m/mendizam/ATLAS/POWHEG/YODA_files/hdamp91_pT100.yoda/ATLAS_2015_I1408516/d03-x01-y01
# END PLOT

# BEGIN HISTO1D /ATLAS_2015_I1408516/d03-x01-y01
ConnectBins=0
ErrorBars=1
IsRef=1
Path=/ATLAS_2015_I1408516/d03-x01-y01
PolyMarker=*
Title=Data
# xlow	 xhigh	 val	 errminus	 errplus
0.000000e+00	4.000000e-03	7.182000e+00	4.344368e-01	4.344368e-01
4.000000e-03	8.000000e-03	7.048000e+00	2.657760e-01	2.657760e-01
8.000000e-03	1.200000e-02	6.842000e+00	2.254748e-01	2.254748e-01
1.200000e-02	1.600000e-02	6.408000e+00	1.996789e-01	1.996789e-01
1.600000e-02	2.000000e-02	6.302000e+00	2.038188e-01	2.038188e-01
2.000000e-02	2.400000e-02	6.328000e+00	1.971860e-01	1.971860e-01
2.400000e-02	2.900000e-02	6.279000e+00	1.705763e-01	1.705763e-01
2.900000e-02	3.400000e-02	6.047000e+00	1.644962e-01	1.644962e-01
3.400000e-02	3.900000e-02	5.803000e+00	1.758223e-01	1.758223e-01
3.900000e-02	4.500000e-02	5.295000e+00	1.393903e-01	1.393903e-01
4.500000e-02	5.100000e-02	5.149000e+00	1.416677e-01	1.416677e-01
5.100000e-02	5.700000e-02	4.906000e+00	1.364891e-01	1.364891e-01
5.700000e-02	6.400000e-02	4.396000e+00	1.168046e-01	1.168046e-01
6.400000e-02	7.200000e-02	4.289000e+00	1.142839e-01	1.142839e-01
7.200000e-02	8.100000e-02	3.884000e+00	1.008345e-01	1.008345e-01
8.100000e-02	9.100000e-02	3.645000e+00	9.141613e-02	9.141613e-02
9.100000e-02	1.020000e-01	3.172000e+00	8.142840e-02	8.142840e-02
1.020000e-01	1.140000e-01	2.869000e+00	7.365009e-02	7.365009e-02
1.140000e-01	1.280000e-01	2.520000e+00	6.633873e-02	6.633873e-02
1.280000e-01	1.450000e-01	2.092000e+00	5.246709e-02	5.246709e-02
1.450000e-01	1.650000e-01	1.806000e+00	4.688649e-02	4.688649e-02
1.650000e-01	1.890000e-01	1.462000e+00	3.753100e-02	3.753100e-02
1.890000e-01	2.190000e-01	1.216000e+00	3.109728e-02	3.109728e-02
2.190000e-01	2.580000e-01	9.890000e-01	2.446651e-02	2.446651e-02
2.580000e-01	3.120000e-01	7.380000e-01	1.812237e-02	1.812237e-02
3.120000e-01	3.910000e-01	5.540000e-01	1.385000e-02	1.385000e-02
3.910000e-01	5.240000e-01	3.250000e-01	8.437491e-03	8.437491e-03
5.240000e-01	6.950000e-01	1.970000e-01	6.551546e-03	6.551546e-03
6.950000e-01	9.180000e-01	1.020000e-01	3.984533e-03	3.984533e-03
9.180000e-01	1.153000e+00	6.050000e-02	2.899585e-03	2.899585e-03
1.153000e+00	1.496000e+00	3.520000e-02	2.110826e-03	2.110826e-03
1.496000e+00	1.947000e+00	1.740000e-02	1.250139e-03	1.250139e-03
1.947000e+00	2.522000e+00	9.500000e-03	7.753420e-04	7.753420e-04
2.522000e+00	3.277000e+00	5.670000e-03	7.519968e-04	7.519968e-04
3.277000e+00	5.000000e+00	2.080000e-03	1.977094e-04	1.977094e-04
5.000000e+00	1.000000e+01	6.030000e-04	5.804482e-05	5.804482e-05
# END HISTO1D


# BEGIN HISTO1D //afs/desy.de/user/m/mendizam/ATLAS/POWHEG/YODA_files/hdamp91_pT1001.yoda/ATLAS_2015_I1408516/d03-x01-y01
LineColor=red
LineStyle=solid
Path=//afs/desy.de/user/m/mendizam/ATLAS/POWHEG/YODA_files/hdamp91_pT1001.yoda/ATLAS_2015_I1408516/d03-x01-y01
ScaledBy=3.58726094762089786e-06
Title=hdamp91_pT1001
XLabel=~
YLabel=~
# xlow	 xhigh	 val	 errminus	 errplus
0.000000e+00	4.000000e-03	1.183628e+02	1.154901e+01	1.154901e+01
4.000000e-03	8.000000e-03	7.743362e+00	2.926716e+00	2.926716e+00
8.000000e-03	1.200000e-02	5.530972e+00	2.473527e+00	2.473527e+00
1.200000e-02	1.600000e-02	5.530972e+00	2.473527e+00	2.473527e+00
1.600000e-02	2.000000e-02	3.318585e+00	1.915985e+00	1.915985e+00
2.000000e-02	2.400000e-02	3.318585e+00	1.915985e+00	1.915985e+00
2.400000e-02	2.900000e-02	8.849558e-01	8.849558e-01	8.849558e-01
2.900000e-02	3.400000e-02	0.000000e+00	0.000000e+00	0.000000e+00
3.400000e-02	3.900000e-02	4.424778e+00	1.978821e+00	1.978821e+00
3.900000e-02	4.500000e-02	2.212390e+00	1.277324e+00	1.277324e+00
4.500000e-02	5.100000e-02	2.949853e+00	1.474926e+00	1.474926e+00
5.100000e-02	5.700000e-02	0.000000e+00	0.000000e+00	0.000000e+00
5.700000e-02	6.400000e-02	1.896334e+00	1.094849e+00	1.094849e+00
6.400000e-02	7.200000e-02	1.659293e+00	9.579927e-01	9.579927e-01
7.200000e-02	8.100000e-02	0.000000e+00	0.000000e+00	0.000000e+00
8.100000e-02	9.100000e-02	8.849558e-01	6.257582e-01	6.257582e-01
9.100000e-02	1.020000e-01	0.000000e+00	0.000000e+00	0.000000e+00
1.020000e-01	1.140000e-01	1.474927e+00	7.374631e-01	7.374631e-01
1.140000e-01	1.280000e-01	1.896334e+00	7.741750e-01	7.741750e-01
1.280000e-01	1.450000e-01	5.205622e-01	5.205622e-01	5.205622e-01
1.450000e-01	1.650000e-01	1.548672e+00	5.853433e-01	5.853433e-01
1.650000e-01	1.890000e-01	7.374633e-01	3.687316e-01	3.687316e-01
1.890000e-01	2.190000e-01	1.179941e+00	4.171721e-01	4.171721e-01
2.190000e-01	2.580000e-01	1.021103e+00	3.403676e-01	3.403676e-01
2.580000e-01	3.120000e-01	4.097017e-01	1.832242e-01	1.832242e-01
3.120000e-01	3.910000e-01	6.721184e-01	1.940238e-01	1.940238e-01
3.910000e-01	5.240000e-01	1.330761e-01	8.149211e-02	8.149211e-02
5.240000e-01	6.950000e-01	2.587590e-02	5.786027e-02	5.786027e-02
6.950000e-01	9.180000e-01	1.190523e-01	5.612181e-02	5.612181e-02
9.180000e-01	1.153000e+00	9.414421e-02	4.210258e-02	4.210258e-02
1.153000e+00	1.496000e+00	2.580046e-02	1.824368e-02	1.824368e-02
1.496000e+00	1.947000e+00	0.000000e+00	0.000000e+00	0.000000e+00
1.947000e+00	2.522000e+00	0.000000e+00	0.000000e+00	0.000000e+00
2.522000e+00	3.277000e+00	0.000000e+00	0.000000e+00	0.000000e+00
3.277000e+00	5.000000e+00	0.000000e+00	0.000000e+00	0.000000e+00
5.000000e+00	1.000000e+01	0.000000e+00	0.000000e+00	0.000000e+00
# END HISTO1D


# BEGIN HISTO1D //afs/desy.de/user/m/mendizam/ATLAS/POWHEG/YODA_files/hdamp91_pT100.yoda/ATLAS_2015_I1408516/d03-x01-y01
LineColor=blue
LineStyle=solid
Path=//afs/desy.de/user/m/mendizam/ATLAS/POWHEG/YODA_files/hdamp91_pT100.yoda/ATLAS_2015_I1408516/d03-x01-y01
ScaledBy=3.33630030519475011e-06
Title=hdamp91_pT100
XLabel=~
YLabel=~
# xlow	 xhigh	 val	 errminus	 errplus
0.000000e+00	4.000000e-03	1.121399e+02	1.074106e+01	1.074106e+01
4.000000e-03	8.000000e-03	3.086420e+00	1.781945e+00	1.781945e+00
8.000000e-03	1.200000e-02	4.115227e+00	2.057613e+00	2.057613e+00
1.200000e-02	1.600000e-02	4.115227e+00	2.057613e+00	2.057613e+00
1.600000e-02	2.000000e-02	3.086420e+00	1.781945e+00	1.781945e+00
2.000000e-02	2.400000e-02	2.057613e+00	1.454952e+00	1.454952e+00
2.400000e-02	2.900000e-02	0.000000e+00	0.000000e+00	0.000000e+00
2.900000e-02	3.400000e-02	1.646091e+00	1.163962e+00	1.163962e+00
3.400000e-02	3.900000e-02	2.469136e+00	1.425556e+00	1.425556e+00
3.900000e-02	4.500000e-02	2.057613e+00	1.187963e+00	1.187963e+00
4.500000e-02	5.100000e-02	4.801097e+00	1.814644e+00	1.814644e+00
5.100000e-02	5.700000e-02	6.858710e-01	6.858711e-01	6.858711e-01
5.700000e-02	6.400000e-02	1.763669e+00	1.018254e+00	1.018254e+00
6.400000e-02	7.200000e-02	2.572016e+00	1.150241e+00	1.150241e+00
7.200000e-02	8.100000e-02	9.144948e-01	6.466455e-01	6.466455e-01
8.100000e-02	9.100000e-02	2.057613e+00	9.201926e-01	9.201926e-01
9.100000e-02	1.020000e-01	1.122335e+00	6.479801e-01	6.479801e-01
1.020000e-01	1.140000e-01	6.858711e-01	4.849841e-01	4.849841e-01
1.140000e-01	1.280000e-01	5.878895e-01	4.157007e-01	4.157007e-01
1.280000e-01	1.450000e-01	1.210361e+00	5.412898e-01	5.412898e-01
1.450000e-01	1.650000e-01	1.234568e+00	5.040102e-01	5.040102e-01
1.650000e-01	1.890000e-01	1.886145e+00	5.686943e-01	5.686943e-01
1.890000e-01	2.190000e-01	8.230453e-01	3.360068e-01	3.360068e-01
2.190000e-01	2.580000e-01	7.386303e-01	2.791760e-01	2.791760e-01
2.580000e-01	3.120000e-01	4.572474e-01	1.866704e-01	1.866704e-01
3.120000e-01	3.910000e-01	3.646403e-01	1.378211e-01	1.378211e-01
3.910000e-01	5.240000e-01	1.856493e-01	7.579100e-02	7.579100e-02
5.240000e-01	6.950000e-01	2.165909e-01	7.981674e-02	7.981674e-02
6.950000e-01	9.180000e-01	1.291775e-01	5.536179e-02	5.536179e-02
9.180000e-01	1.153000e+00	7.004643e-02	3.502320e-02	3.502320e-02
1.153000e+00	1.496000e+00	2.399549e-02	1.696737e-02	1.696737e-02
1.496000e+00	1.947000e+00	1.824934e-02	1.290423e-02	1.290423e-02
1.947000e+00	2.522000e+00	7.156915e-03	7.156916e-03	7.156916e-03
2.522000e+00	3.277000e+00	5.450630e-03	5.450631e-03	5.450631e-03
3.277000e+00	5.000000e+00	0.000000e+00	0.000000e+00	0.000000e+00
5.000000e+00	1.000000e+01	0.000000e+00	0.000000e+00	0.000000e+00
# END HISTO1D

