# BEGIN PLOT
XTwosidedTicks=1
YTwosidedTicks=1
Title=$Z\rightarrow ee$, dressed level, $46\,\text{GeV}\leq m_{\ell\ell} < 66\,\text{GeV}$, $1.6\leq |y_{\ell\ell}| < 2.4$
RatioPlotReference=/ATLAS_2015_I1408516/d04-x01-y01
RatioPlot=1
LogX=1
LogY=1
LegendXPos=0.05
XLabel=$\phi^\ast_\eta$
YLabel=$1/\sigma$ $\text{d}\sigma/\text{d}\phi^\ast_\eta$
XMin=0.001
DrawOnly=/ATLAS_2015_I1408516/d04-x01-y01 //afs/desy.de/user/m/mendizam/ATLAS/POWHEG/YODA_files/hdamp91_pT1001.yoda/ATLAS_2015_I1408516/d04-x01-y01 //afs/desy.de/user/m/mendizam/ATLAS/POWHEG/YODA_files/hdamp91_pT100.yoda/ATLAS_2015_I1408516/d04-x01-y01
LegendYPos=0.3
Legend=1
LegendOnly=/ATLAS_2015_I1408516/d04-x01-y01 //afs/desy.de/user/m/mendizam/ATLAS/POWHEG/YODA_files/hdamp91_pT1001.yoda/ATLAS_2015_I1408516/d04-x01-y01 //afs/desy.de/user/m/mendizam/ATLAS/POWHEG/YODA_files/hdamp91_pT100.yoda/ATLAS_2015_I1408516/d04-x01-y01
# END PLOT

# BEGIN HISTO1D /ATLAS_2015_I1408516/d04-x01-y01
ConnectBins=0
ErrorBars=1
IsRef=1
Path=/ATLAS_2015_I1408516/d04-x01-y01
PolyMarker=*
Title=Data
# xlow	 xhigh	 val	 errminus	 errplus
0.000000e+00	4.000000e-03	6.724000e+00	3.837985e-01	3.837985e-01
4.000000e-03	8.000000e-03	6.620000e+00	3.000255e-01	3.000255e-01
8.000000e-03	1.200000e-02	6.546000e+00	2.749320e-01	2.749320e-01
1.200000e-02	1.600000e-02	6.493000e+00	2.714664e-01	2.714664e-01
1.600000e-02	2.000000e-02	6.632000e+00	2.906753e-01	2.906753e-01
2.000000e-02	2.400000e-02	6.727000e+00	2.692481e-01	2.692481e-01
2.400000e-02	2.900000e-02	6.531000e+00	2.425280e-01	2.425280e-01
2.900000e-02	3.400000e-02	6.023000e+00	2.295071e-01	2.295071e-01
3.400000e-02	3.900000e-02	6.204000e+00	2.292963e-01	2.292963e-01
3.900000e-02	4.500000e-02	5.461000e+00	2.064374e-01	2.064374e-01
4.500000e-02	5.100000e-02	5.384000e+00	2.108714e-01	2.108714e-01
5.100000e-02	5.700000e-02	5.016000e+00	1.956240e-01	1.956240e-01
5.700000e-02	6.400000e-02	4.760000e+00	1.705648e-01	1.705648e-01
6.400000e-02	7.200000e-02	4.364000e+00	1.703638e-01	1.703638e-01
7.200000e-02	8.100000e-02	3.733000e+00	1.448192e-01	1.448192e-01
8.100000e-02	9.100000e-02	3.600000e+00	1.216033e-01	1.216033e-01
9.100000e-02	1.020000e-01	3.201000e+00	1.126279e-01	1.126279e-01
1.020000e-01	1.140000e-01	2.927000e+00	1.065846e-01	1.065846e-01
1.140000e-01	1.280000e-01	2.599000e+00	9.520999e-02	9.520999e-02
1.280000e-01	1.450000e-01	1.987000e+00	7.649305e-02	7.649305e-02
1.450000e-01	1.650000e-01	1.840000e+00	6.631662e-02	6.631662e-02
1.650000e-01	1.890000e-01	1.544000e+00	5.588342e-02	5.588342e-02
1.890000e-01	2.190000e-01	1.302000e+00	4.871638e-02	4.871638e-02
2.190000e-01	2.580000e-01	1.000000e+00	3.432200e-02	3.432200e-02
2.580000e-01	3.120000e-01	7.280000e-01	2.646958e-02	2.646958e-02
3.120000e-01	3.910000e-01	5.380000e-01	1.763130e-02	1.763130e-02
3.910000e-01	5.240000e-01	3.470000e-01	1.110942e-02	1.110942e-02
5.240000e-01	6.950000e-01	1.910000e-01	9.116124e-03	9.116124e-03
6.950000e-01	9.180000e-01	1.030000e-01	5.190015e-03	5.190015e-03
9.180000e-01	1.153000e+00	5.430000e-02	4.072138e-03	4.072138e-03
1.153000e+00	1.496000e+00	2.850000e-02	2.309204e-03	2.309204e-03
1.496000e+00	1.947000e+00	1.520000e-02	1.297086e-03	1.297086e-03
1.947000e+00	2.522000e+00	6.280000e-03	6.860451e-04	6.860451e-04
2.522000e+00	3.277000e+00	2.740000e-03	3.974889e-04	3.974889e-04
3.277000e+00	5.000000e+00	1.150000e-03	1.592034e-04	1.592034e-04
5.000000e+00	1.000000e+01	2.130000e-04	3.964147e-05	3.964147e-05
# END HISTO1D


# BEGIN HISTO1D //afs/desy.de/user/m/mendizam/ATLAS/POWHEG/YODA_files/hdamp91_pT1001.yoda/ATLAS_2015_I1408516/d04-x01-y01
LineColor=red
LineStyle=solid
Path=//afs/desy.de/user/m/mendizam/ATLAS/POWHEG/YODA_files/hdamp91_pT1001.yoda/ATLAS_2015_I1408516/d04-x01-y01
ScaledBy=7.57683153422730835e-06
Title=hdamp91_pT1001
XLabel=~
YLabel=~
# xlow	 xhigh	 val	 errminus	 errplus
0.000000e+00	4.000000e-03	1.028037e+02	1.549825e+01	1.549825e+01
4.000000e-03	8.000000e-03	4.672898e+00	3.304237e+00	3.304237e+00
8.000000e-03	1.200000e-02	4.672898e+00	3.304237e+00	3.304237e+00
1.200000e-02	1.600000e-02	0.000000e+00	0.000000e+00	0.000000e+00
1.600000e-02	2.000000e-02	2.336448e+00	2.336449e+00	2.336449e+00
2.000000e-02	2.400000e-02	0.000000e+00	0.000000e+00	0.000000e+00
2.400000e-02	2.900000e-02	1.869159e+00	1.869159e+00	1.869159e+00
2.900000e-02	3.400000e-02	5.607476e+00	3.237478e+00	3.237478e+00
3.400000e-02	3.900000e-02	1.869159e+00	1.869159e+00	1.869159e+00
3.900000e-02	4.500000e-02	1.557632e+00	1.557632e+00	1.557632e+00
4.500000e-02	5.100000e-02	0.000000e+00	0.000000e+00	0.000000e+00
5.100000e-02	5.700000e-02	0.000000e+00	0.000000e+00	0.000000e+00
5.700000e-02	6.400000e-02	2.670227e+00	1.888135e+00	1.888135e+00
6.400000e-02	7.200000e-02	1.168224e+00	1.168224e+00	1.168224e+00
7.200000e-02	8.100000e-02	2.076843e+00	1.468550e+00	1.468550e+00
8.100000e-02	9.100000e-02	0.000000e+00	0.000000e+00	0.000000e+00
9.100000e-02	1.020000e-01	8.496176e-01	8.496177e-01	8.496177e-01
1.020000e-01	1.140000e-01	2.336448e+00	1.348949e+00	1.348949e+00
1.140000e-01	1.280000e-01	1.335114e+00	9.440677e-01	9.440677e-01
1.280000e-01	1.450000e-01	1.649258e+00	9.521994e-01	9.521994e-01
1.450000e-01	1.650000e-01	9.345795e-01	6.608474e-01	6.608474e-01
1.650000e-01	1.890000e-01	3.115265e+00	1.101412e+00	1.101412e+00
1.890000e-01	2.190000e-01	1.246106e+00	6.230530e-01	6.230530e-01
2.190000e-01	2.580000e-01	7.189072e-01	4.150613e-01	4.150613e-01
2.580000e-01	3.120000e-01	6.922811e-01	3.461405e-01	3.461405e-01
3.120000e-01	3.910000e-01	5.915059e-01	2.645295e-01	2.645295e-01
3.910000e-01	5.240000e-01	4.918839e-01	1.859146e-01	1.859146e-01
5.240000e-01	6.950000e-01	1.639613e-01	9.466310e-02	9.466310e-02
6.950000e-01	9.180000e-01	4.190939e-02	4.190939e-02	4.190939e-02
9.180000e-01	1.153000e+00	3.976934e-02	3.976934e-02	3.976934e-02
1.153000e+00	1.496000e+00	0.000000e+00	0.000000e+00	0.000000e+00
1.496000e+00	1.947000e+00	0.000000e+00	0.000000e+00	0.000000e+00
1.947000e+00	2.522000e+00	0.000000e+00	0.000000e+00	0.000000e+00
2.522000e+00	3.277000e+00	0.000000e+00	0.000000e+00	0.000000e+00
3.277000e+00	5.000000e+00	0.000000e+00	0.000000e+00	0.000000e+00
5.000000e+00	1.000000e+01	0.000000e+00	0.000000e+00	0.000000e+00
# END HISTO1D


# BEGIN HISTO1D //afs/desy.de/user/m/mendizam/ATLAS/POWHEG/YODA_files/hdamp91_pT100.yoda/ATLAS_2015_I1408516/d04-x01-y01
LineColor=blue
LineStyle=solid
Path=//afs/desy.de/user/m/mendizam/ATLAS/POWHEG/YODA_files/hdamp91_pT100.yoda/ATLAS_2015_I1408516/d04-x01-y01
ScaledBy=6.92923909540446132e-06
Title=hdamp91_pT100
XLabel=~
YLabel=~
# xlow	 xhigh	 val	 errminus	 errplus
0.000000e+00	4.000000e-03	1.025641e+02	1.480385e+01	1.480385e+01
4.000000e-03	8.000000e-03	2.136752e+00	2.136752e+00	2.136752e+00
8.000000e-03	1.200000e-02	4.273505e+00	3.021824e+00	3.021824e+00
1.200000e-02	1.600000e-02	0.000000e+00	0.000000e+00	0.000000e+00
1.600000e-02	2.000000e-02	4.273505e+00	3.021824e+00	3.021824e+00
2.000000e-02	2.400000e-02	2.136752e+00	2.136752e+00	2.136752e+00
2.400000e-02	2.900000e-02	0.000000e+00	0.000000e+00	0.000000e+00
2.900000e-02	3.400000e-02	1.709402e+00	1.709402e+00	1.709402e+00
3.400000e-02	3.900000e-02	0.000000e+00	0.000000e+00	0.000000e+00
3.900000e-02	4.500000e-02	1.424502e+00	1.424501e+00	1.424501e+00
4.500000e-02	5.100000e-02	1.424502e+00	1.424501e+00	1.424501e+00
5.100000e-02	5.700000e-02	1.424501e+00	1.424501e+00	1.424501e+00
5.700000e-02	6.400000e-02	0.000000e+00	0.000000e+00	0.000000e+00
6.400000e-02	7.200000e-02	0.000000e+00	0.000000e+00	0.000000e+00
7.200000e-02	8.100000e-02	9.496677e-01	9.496676e-01	9.496676e-01
8.100000e-02	9.100000e-02	0.000000e+00	0.000000e+00	0.000000e+00
9.100000e-02	1.020000e-01	2.331003e+00	1.345805e+00	1.345805e+00
1.020000e-01	1.140000e-01	2.849002e+00	1.424501e+00	1.424501e+00
1.140000e-01	1.280000e-01	1.831502e+00	1.057418e+00	1.057418e+00
1.280000e-01	1.450000e-01	1.508296e+00	8.708150e-01	8.708150e-01
1.450000e-01	1.650000e-01	8.547010e-01	6.043647e-01	6.043647e-01
1.650000e-01	1.890000e-01	2.849003e+00	1.007275e+00	1.007275e+00
1.890000e-01	2.190000e-01	8.547010e-01	4.934618e-01	4.934618e-01
2.190000e-01	2.580000e-01	1.753233e+00	6.198613e-01	6.198613e-01
2.580000e-01	3.120000e-01	4.748339e-01	2.741454e-01	2.741454e-01
3.120000e-01	3.910000e-01	6.491399e-01	2.650102e-01	2.650102e-01
3.910000e-01	5.240000e-01	4.498426e-01	1.700245e-01	1.700245e-01
5.240000e-01	6.950000e-01	2.499125e-01	1.117643e-01	1.117643e-01
6.950000e-01	9.180000e-01	7.665480e-02	5.420312e-02	5.420312e-02
9.180000e-01	1.153000e+00	0.000000e+00	0.000000e+00	0.000000e+00
1.153000e+00	1.496000e+00	0.000000e+00	0.000000e+00	0.000000e+00
1.496000e+00	1.947000e+00	1.895124e-02	1.895124e-02	1.895124e-02
1.947000e+00	2.522000e+00	0.000000e+00	0.000000e+00	0.000000e+00
2.522000e+00	3.277000e+00	0.000000e+00	0.000000e+00	0.000000e+00
3.277000e+00	5.000000e+00	0.000000e+00	0.000000e+00	0.000000e+00
5.000000e+00	1.000000e+01	0.000000e+00	0.000000e+00	0.000000e+00
# END HISTO1D

