# BEGIN PLOT
XTwosidedTicks=1
YTwosidedTicks=1
Title=$Z\rightarrow ee$, dressed level, $66\,\text{GeV}\leq m_{\ell\ell} < 116\,\text{GeV}$, $2.0\leq |y_{\ell\ell}| < 2.4$
RatioPlotReference=/ATLAS_2015_I1408516/d10-x01-y01
RatioPlot=1
LogX=1
LogY=1
LegendXPos=0.05
XLabel=$\phi^\ast_\eta$
YLabel=$1/\sigma$ $\text{d}\sigma/\text{d}\phi^\ast_\eta$
XMin=0.001
DrawOnly=/ATLAS_2015_I1408516/d10-x01-y01 //afs/desy.de/user/m/mendizam/ATLAS/POWHEG/YODA_files/hdamp91_pT1001.yoda/ATLAS_2015_I1408516/d10-x01-y01 //afs/desy.de/user/m/mendizam/ATLAS/POWHEG/YODA_files/hdamp91_pT100.yoda/ATLAS_2015_I1408516/d10-x01-y01
LegendYPos=0.3
Legend=1
LegendOnly=/ATLAS_2015_I1408516/d10-x01-y01 //afs/desy.de/user/m/mendizam/ATLAS/POWHEG/YODA_files/hdamp91_pT1001.yoda/ATLAS_2015_I1408516/d10-x01-y01 //afs/desy.de/user/m/mendizam/ATLAS/POWHEG/YODA_files/hdamp91_pT100.yoda/ATLAS_2015_I1408516/d10-x01-y01
# END PLOT

# BEGIN HISTO1D /ATLAS_2015_I1408516/d10-x01-y01
ConnectBins=0
ErrorBars=1
IsRef=1
Path=/ATLAS_2015_I1408516/d10-x01-y01
PolyMarker=*
Title=Data
# xlow	 xhigh	 val	 errminus	 errplus
0.000000e+00	4.000000e-03	9.324000e+00	1.042455e-01	1.042455e-01
4.000000e-03	8.000000e-03	9.101000e+00	1.017523e-01	1.017523e-01
8.000000e-03	1.200000e-02	9.083000e+00	1.015510e-01	1.015510e-01
1.200000e-02	1.600000e-02	8.825000e+00	9.866650e-02	9.866650e-02
1.600000e-02	2.000000e-02	8.401000e+00	9.392604e-02	9.392604e-02
2.000000e-02	2.400000e-02	8.047000e+00	1.001843e-01	1.001843e-01
2.400000e-02	2.900000e-02	7.986000e+00	9.244463e-02	9.244463e-02
2.900000e-02	3.400000e-02	7.168000e+00	8.297560e-02	8.297560e-02
3.400000e-02	3.900000e-02	6.833000e+00	7.909769e-02	7.909769e-02
3.900000e-02	4.500000e-02	6.468000e+00	7.231444e-02	7.231444e-02
4.500000e-02	5.100000e-02	5.717000e+00	6.262660e-02	6.262660e-02
5.100000e-02	5.700000e-02	5.413000e+00	6.427581e-02	6.427581e-02
5.700000e-02	6.400000e-02	4.935000e+00	5.406022e-02	5.406022e-02
6.400000e-02	7.200000e-02	4.502000e+00	4.931694e-02	4.931694e-02
7.200000e-02	8.100000e-02	3.994000e+00	4.536312e-02	4.536312e-02
8.100000e-02	9.100000e-02	3.517000e+00	3.947823e-02	3.947823e-02
9.100000e-02	1.020000e-01	3.161000e+00	3.699856e-02	3.699856e-02
1.020000e-01	1.140000e-01	2.793000e+00	3.543920e-02	3.543920e-02
1.140000e-01	1.280000e-01	2.404000e+00	3.021781e-02	3.021781e-02
1.280000e-01	1.450000e-01	2.036000e+00	2.383077e-02	2.383077e-02
1.450000e-01	1.650000e-01	1.743000e+00	2.062345e-02	2.062345e-02
1.650000e-01	1.890000e-01	1.447000e+00	1.712113e-02	1.712113e-02
1.890000e-01	2.190000e-01	1.175000e+00	1.287148e-02	1.287148e-02
2.190000e-01	2.580000e-01	8.940000e-01	1.034880e-02	1.034880e-02
2.580000e-01	3.120000e-01	6.560000e-01	8.087711e-03	8.087711e-03
3.120000e-01	3.910000e-01	4.380000e-01	5.908943e-03	5.908943e-03
3.910000e-01	5.240000e-01	2.550000e-01	3.542573e-03	3.542573e-03
5.240000e-01	6.950000e-01	1.310000e-01	2.003915e-03	2.003915e-03
6.950000e-01	9.180000e-01	6.120000e-02	1.216326e-03	1.216326e-03
9.180000e-01	1.153000e+00	2.920000e-02	7.586383e-04	7.586383e-04
1.153000e+00	1.496000e+00	1.320000e-02	4.151185e-04	4.151185e-04
1.496000e+00	1.947000e+00	4.920000e-03	2.155836e-04	2.155836e-04
1.947000e+00	2.522000e+00	1.910000e-03	1.172746e-04	1.172746e-04
2.522000e+00	3.277000e+00	5.830000e-04	5.450037e-05	5.450037e-05
3.277000e+00	5.000000e+00	1.390000e-04	1.754761e-05	1.754761e-05
5.000000e+00	1.000000e+01	2.470000e-05	5.084362e-06	5.084362e-06
# END HISTO1D


# BEGIN HISTO1D //afs/desy.de/user/m/mendizam/ATLAS/POWHEG/YODA_files/hdamp91_pT1001.yoda/ATLAS_2015_I1408516/d10-x01-y01
LineColor=red
LineStyle=solid
Path=//afs/desy.de/user/m/mendizam/ATLAS/POWHEG/YODA_files/hdamp91_pT1001.yoda/ATLAS_2015_I1408516/d10-x01-y01
ScaledBy=4.56487035001313137e-07
Title=hdamp91_pT1001
XLabel=~
YLabel=~
# xlow	 xhigh	 val	 errminus	 errplus
0.000000e+00	4.000000e-03	1.133165e+02	4.003790e+00	4.003790e+00
4.000000e-03	8.000000e-03	4.786035e+00	8.207984e-01	8.207984e-01
8.000000e-03	1.200000e-02	3.941442e+00	7.448624e-01	7.448624e-01
1.200000e-02	1.600000e-02	3.378377e+00	6.896086e-01	6.896086e-01
1.600000e-02	2.000000e-02	1.970721e+00	5.266973e-01	5.266973e-01
2.000000e-02	2.400000e-02	1.407658e+00	4.451404e-01	4.451404e-01
2.400000e-02	2.900000e-02	2.477478e+00	5.282000e-01	5.282000e-01
2.900000e-02	3.400000e-02	2.590090e+00	5.400711e-01	5.400711e-01
3.400000e-02	3.900000e-02	1.351351e+00	3.901015e-01	3.901015e-01
3.900000e-02	4.500000e-02	1.313814e+00	3.753754e-01	3.753754e-01
4.500000e-02	5.100000e-02	2.439940e+00	4.785116e-01	4.785116e-01
5.100000e-02	5.700000e-02	1.126126e+00	3.250846e-01	3.250846e-01
5.700000e-02	6.400000e-02	1.930501e+00	3.940620e-01	3.940620e-01
6.400000e-02	7.200000e-02	1.900338e+00	3.657202e-01	3.657202e-01
7.200000e-02	8.100000e-02	2.002002e+00	3.539073e-01	3.539073e-01
8.100000e-02	9.100000e-02	1.858108e+00	3.234551e-01	3.234551e-01
9.100000e-02	1.020000e-01	1.484439e+00	2.756534e-01	2.756534e-01
1.020000e-01	1.140000e-01	2.205330e+00	3.216805e-01	3.216805e-01
1.140000e-01	1.280000e-01	1.608751e+00	2.606475e-01	2.606475e-01
1.280000e-01	1.450000e-01	2.086645e+00	2.628926e-01	2.628926e-01
1.450000e-01	1.650000e-01	1.520270e+00	2.068826e-01	2.068826e-01
1.650000e-01	1.890000e-01	1.571885e+00	1.920362e-01	1.920362e-01
1.890000e-01	2.190000e-01	8.070570e-01	1.230750e-01	1.230750e-01
2.190000e-01	2.580000e-01	8.662508e-01	1.136811e-01	1.136811e-01
2.580000e-01	3.120000e-01	5.317819e-01	7.591039e-02	7.591039e-02
3.120000e-01	3.910000e-01	3.563690e-01	5.139627e-02	5.139627e-02
3.910000e-01	5.240000e-01	2.328456e-01	3.139690e-02	3.139690e-02
5.240000e-01	6.950000e-01	1.119540e-01	1.975660e-02	1.975660e-02
6.950000e-01	9.180000e-01	5.807377e-02	1.210922e-02	1.210922e-02
9.180000e-01	1.153000e+00	1.677209e-02	6.339254e-03	6.339254e-03
1.153000e+00	1.496000e+00	1.313267e-02	4.643099e-03	4.643099e-03
1.496000e+00	1.947000e+00	1.248477e-03	1.248477e-03	1.248477e-03
1.947000e+00	2.522000e+00	0.000000e+00	0.000000e+00	0.000000e+00
2.522000e+00	3.277000e+00	2.237336e-03	1.291727e-03	1.291727e-03
3.277000e+00	5.000000e+00	3.267923e-04	3.267923e-04	3.267923e-04
5.000000e+00	1.000000e+01	0.000000e+00	0.000000e+00	0.000000e+00
# END HISTO1D


# BEGIN HISTO1D //afs/desy.de/user/m/mendizam/ATLAS/POWHEG/YODA_files/hdamp91_pT100.yoda/ATLAS_2015_I1408516/d10-x01-y01
LineColor=blue
LineStyle=solid
Path=//afs/desy.de/user/m/mendizam/ATLAS/POWHEG/YODA_files/hdamp91_pT100.yoda/ATLAS_2015_I1408516/d10-x01-y01
ScaledBy=4.72448120141222132e-07
Title=hdamp91_pT100
XLabel=~
YLabel=~
# xlow	 xhigh	 val	 errminus	 errplus
0.000000e+00	4.000000e-03	1.145105e+02	4.089647e+00	4.089647e+00
4.000000e-03	8.000000e-03	3.933568e+00	7.570152e-01	7.570152e-01
8.000000e-03	1.200000e-02	5.536130e+00	8.980789e-01	8.980789e-01
1.200000e-02	1.600000e-02	3.787880e+00	7.428641e-01	7.428641e-01
1.600000e-02	2.000000e-02	1.456876e+00	4.607048e-01	4.607048e-01
2.000000e-02	2.400000e-02	1.456876e+00	4.607048e-01	4.607048e-01
2.400000e-02	2.900000e-02	1.981352e+00	4.805484e-01	4.805484e-01
2.900000e-02	3.400000e-02	2.564102e+00	5.466685e-01	5.466685e-01
3.400000e-02	3.900000e-02	1.515152e+00	4.202274e-01	4.202274e-01
3.900000e-02	4.500000e-02	7.770008e-01	3.071365e-01	3.071365e-01
4.500000e-02	5.100000e-02	1.554002e+00	4.120669e-01	4.120669e-01
5.100000e-02	5.700000e-02	1.359751e+00	3.634088e-01	3.634088e-01
5.700000e-02	6.400000e-02	1.748251e+00	3.814998e-01	3.814998e-01
6.400000e-02	7.200000e-02	1.456876e+00	3.257675e-01	3.257675e-01
7.200000e-02	8.100000e-02	1.618751e+00	3.237503e-01	3.237503e-01
8.100000e-02	9.100000e-02	1.689977e+00	3.138208e-01	3.138208e-01
9.100000e-02	1.020000e-01	1.907184e+00	3.178640e-01	3.178640e-01
1.020000e-01	1.140000e-01	1.991064e+00	3.109521e-01	3.109521e-01
1.140000e-01	1.280000e-01	2.164502e+00	3.114933e-01	3.114933e-01
1.280000e-01	1.450000e-01	1.816811e+00	2.495582e-01	2.495582e-01
1.450000e-01	1.650000e-01	1.486014e+00	2.080836e-01	2.080836e-01
1.650000e-01	1.890000e-01	1.554002e+00	1.942502e-01	1.942502e-01
1.890000e-01	2.190000e-01	9.712510e-01	1.373556e-01	1.373556e-01
2.190000e-01	2.580000e-01	7.770008e-01	1.098032e-01	1.098032e-01
2.580000e-01	3.120000e-01	5.611672e-01	7.781990e-02	7.781990e-02
3.120000e-01	3.910000e-01	4.278422e-01	5.713881e-02	5.713881e-02
3.910000e-01	5.240000e-01	2.190792e-01	3.098247e-02	3.098247e-02
5.240000e-01	6.950000e-01	1.363159e-01	2.155344e-02	2.155344e-02
6.950000e-01	9.180000e-01	4.703816e-02	1.108700e-02	1.108700e-02
9.180000e-01	1.153000e+00	9.919157e-03	4.959579e-03	4.959579e-03
1.153000e+00	1.496000e+00	1.189287e-02	4.495082e-03	4.495082e-03
1.496000e+00	1.947000e+00	2.584259e-03	1.827348e-03	1.827348e-03
1.947000e+00	2.522000e+00	0.000000e+00	0.000000e+00	0.000000e+00
2.522000e+00	3.277000e+00	1.543710e-03	1.091568e-03	1.091568e-03
3.277000e+00	5.000000e+00	6.764370e-04	4.783133e-04	4.783133e-04
5.000000e+00	1.000000e+01	0.000000e+00	0.000000e+00	0.000000e+00
# END HISTO1D

