# BEGIN PLOT
XTwosidedTicks=1
YTwosidedTicks=1
Title=$Z\rightarrow ee$, dressed level, $116\,\text{GeV}\leq m_{\ell\ell} < 150\,\text{GeV}$, $|y_{\ell\ell}| < 2.4$
RatioPlotReference=/ATLAS_2015_I1408516/d16-x01-y01
RatioPlot=1
LogX=1
LogY=1
LegendXPos=0.05
XLabel=$\phi^\ast_\eta$
YLabel=$1/\sigma$ $\text{d}\sigma/\text{d}\phi^\ast_\eta$
XMin=0.001
DrawOnly=/ATLAS_2015_I1408516/d16-x01-y01 //afs/desy.de/user/m/mendizam/ATLAS/POWHEG/YODA_files/hdamp91_pT1001.yoda/ATLAS_2015_I1408516/d16-x01-y01 //afs/desy.de/user/m/mendizam/ATLAS/POWHEG/YODA_files/hdamp91_pT100.yoda/ATLAS_2015_I1408516/d16-x01-y01
LegendYPos=0.3
Legend=1
LegendOnly=/ATLAS_2015_I1408516/d16-x01-y01 //afs/desy.de/user/m/mendizam/ATLAS/POWHEG/YODA_files/hdamp91_pT1001.yoda/ATLAS_2015_I1408516/d16-x01-y01 //afs/desy.de/user/m/mendizam/ATLAS/POWHEG/YODA_files/hdamp91_pT100.yoda/ATLAS_2015_I1408516/d16-x01-y01
# END PLOT

# BEGIN HISTO1D /ATLAS_2015_I1408516/d16-x01-y01
ConnectBins=0
ErrorBars=1
IsRef=1
Path=/ATLAS_2015_I1408516/d16-x01-y01
PolyMarker=*
Title=Data
# xlow	 xhigh	 val	 errminus	 errplus
0.000000e+00	4.000000e-03	1.137800e+01	3.549134e-01	3.549134e-01
4.000000e-03	8.000000e-03	1.162300e+01	2.492856e-01	2.492856e-01
8.000000e-03	1.200000e-02	1.095000e+01	2.351065e-01	2.351065e-01
1.200000e-02	1.600000e-02	1.081900e+01	2.284833e-01	2.284833e-01
1.600000e-02	2.000000e-02	9.950000e+00	2.161693e-01	2.161693e-01
2.000000e-02	2.400000e-02	9.516000e+00	2.067404e-01	2.067404e-01
2.400000e-02	2.900000e-02	8.890000e+00	1.826241e-01	1.826241e-01
2.900000e-02	3.400000e-02	7.962000e+00	1.776793e-01	1.776793e-01
3.400000e-02	3.900000e-02	7.172000e+00	1.606912e-01	1.606912e-01
3.900000e-02	4.500000e-02	6.523000e+00	1.417158e-01	1.417158e-01
4.500000e-02	5.100000e-02	6.099000e+00	1.381393e-01	1.381393e-01
5.100000e-02	5.700000e-02	5.466000e+00	1.288864e-01	1.288864e-01
5.700000e-02	6.400000e-02	4.992000e+00	1.130663e-01	1.130663e-01
6.400000e-02	7.200000e-02	4.404000e+00	1.024344e-01	1.024344e-01
7.200000e-02	8.100000e-02	4.017000e+00	9.098305e-02	9.098305e-02
8.100000e-02	9.100000e-02	3.397000e+00	8.010008e-02	8.010008e-02
9.100000e-02	1.020000e-01	3.067000e+00	7.980096e-02	7.980096e-02
1.020000e-01	1.140000e-01	2.480000e+00	7.599491e-02	7.599491e-02
1.140000e-01	1.280000e-01	2.131000e+00	5.280410e-02	5.280410e-02
1.280000e-01	1.450000e-01	1.859000e+00	4.621401e-02	4.621401e-02
1.450000e-01	1.650000e-01	1.530000e+00	3.791191e-02	3.791191e-02
1.650000e-01	1.890000e-01	1.219000e+00	3.273191e-02	3.273191e-02
1.890000e-01	2.190000e-01	9.660000e-01	2.801400e-02	2.801400e-02
2.190000e-01	2.580000e-01	7.510000e-01	2.109495e-02	2.109495e-02
2.580000e-01	3.120000e-01	5.360000e-01	1.821612e-02	1.821612e-02
3.120000e-01	3.910000e-01	3.560000e-01	1.191936e-02	1.191936e-02
3.910000e-01	5.240000e-01	2.040000e-01	7.503762e-03	7.503762e-03
5.240000e-01	6.950000e-01	9.880000e-02	5.125235e-03	5.125235e-03
6.950000e-01	9.180000e-01	5.150000e-02	2.929621e-03	2.929621e-03
9.180000e-01	1.153000e+00	2.520000e-02	1.887310e-03	1.887310e-03
1.153000e+00	1.496000e+00	1.440000e-02	1.568278e-03	1.568278e-03
1.496000e+00	1.947000e+00	6.510000e-03	6.113510e-04	6.113510e-04
1.947000e+00	2.522000e+00	2.500000e-03	4.135668e-04	4.135668e-04
2.522000e+00	3.277000e+00	1.320000e-03	2.367662e-04	2.367662e-04
3.277000e+00	5.000000e+00	6.680000e-04	1.110428e-04	1.110428e-04
5.000000e+00	1.000000e+01	2.290000e-04	3.869558e-05	3.869558e-05
# END HISTO1D


# BEGIN HISTO1D //afs/desy.de/user/m/mendizam/ATLAS/POWHEG/YODA_files/hdamp91_pT1001.yoda/ATLAS_2015_I1408516/d16-x01-y01
LineColor=red
LineStyle=solid
Path=//afs/desy.de/user/m/mendizam/ATLAS/POWHEG/YODA_files/hdamp91_pT1001.yoda/ATLAS_2015_I1408516/d16-x01-y01
ScaledBy=9.42698807165490485e-06
Title=hdamp91_pT1001
XLabel=~
YLabel=~
# xlow	 xhigh	 val	 errminus	 errplus
0.000000e+00	4.000000e-03	1.279070e+02	1.928270e+01	1.928270e+01
4.000000e-03	8.000000e-03	5.813952e+00	4.111086e+00	4.111086e+00
8.000000e-03	1.200000e-02	0.000000e+00	0.000000e+00	0.000000e+00
1.200000e-02	1.600000e-02	2.906977e+00	2.906977e+00	2.906977e+00
1.600000e-02	2.000000e-02	2.906977e+00	2.906977e+00	2.906977e+00
2.000000e-02	2.400000e-02	0.000000e+00	0.000000e+00	0.000000e+00
2.400000e-02	2.900000e-02	0.000000e+00	0.000000e+00	0.000000e+00
2.900000e-02	3.400000e-02	2.325582e+00	2.325581e+00	2.325581e+00
3.400000e-02	3.900000e-02	0.000000e+00	0.000000e+00	0.000000e+00
3.900000e-02	4.500000e-02	5.813953e+00	3.356688e+00	3.356688e+00
4.500000e-02	5.100000e-02	1.937985e+00	1.937984e+00	1.937984e+00
5.100000e-02	5.700000e-02	3.875968e+00	2.740724e+00	2.740724e+00
5.700000e-02	6.400000e-02	4.983389e+00	2.877161e+00	2.877161e+00
6.400000e-02	7.200000e-02	2.906976e+00	2.055543e+00	2.055543e+00
7.200000e-02	8.100000e-02	1.291990e+00	1.291990e+00	1.291990e+00
8.100000e-02	9.100000e-02	3.488372e+00	2.014013e+00	2.014013e+00
9.100000e-02	1.020000e-01	2.114165e+00	1.494940e+00	1.494940e+00
1.020000e-01	1.140000e-01	1.937984e+00	1.370362e+00	1.370362e+00
1.140000e-01	1.280000e-01	1.661129e+00	1.174596e+00	1.174596e+00
1.280000e-01	1.450000e-01	1.367989e+00	9.673143e-01	9.673143e-01
1.450000e-01	1.650000e-01	2.906976e+00	1.300040e+00	1.300040e+00
1.650000e-01	1.890000e-01	1.453488e+00	8.391719e-01	8.391719e-01
1.890000e-01	2.190000e-01	0.000000e+00	5.481447e-01	5.481447e-01
2.190000e-01	2.580000e-01	0.000000e+00	0.000000e+00	0.000000e+00
2.580000e-01	3.120000e-01	2.153317e-01	2.153316e-01	2.153316e-01
3.120000e-01	3.910000e-01	1.471887e-01	1.471887e-01	1.471887e-01
3.910000e-01	5.240000e-01	8.742789e-02	8.742787e-02	8.742787e-02
5.240000e-01	6.950000e-01	1.359989e-01	9.616575e-02	9.616575e-02
6.950000e-01	9.180000e-01	5.214309e-02	5.214308e-02	5.214308e-02
9.180000e-01	1.153000e+00	0.000000e+00	0.000000e+00	0.000000e+00
1.153000e+00	1.496000e+00	0.000000e+00	0.000000e+00	0.000000e+00
1.496000e+00	1.947000e+00	0.000000e+00	0.000000e+00	0.000000e+00
1.947000e+00	2.522000e+00	0.000000e+00	0.000000e+00	0.000000e+00
2.522000e+00	3.277000e+00	0.000000e+00	0.000000e+00	0.000000e+00
3.277000e+00	5.000000e+00	0.000000e+00	0.000000e+00	0.000000e+00
5.000000e+00	1.000000e+01	0.000000e+00	0.000000e+00	0.000000e+00
# END HISTO1D


# BEGIN HISTO1D //afs/desy.de/user/m/mendizam/ATLAS/POWHEG/YODA_files/hdamp91_pT100.yoda/ATLAS_2015_I1408516/d16-x01-y01
LineColor=blue
LineStyle=solid
Path=//afs/desy.de/user/m/mendizam/ATLAS/POWHEG/YODA_files/hdamp91_pT100.yoda/ATLAS_2015_I1408516/d16-x01-y01
ScaledBy=9.53789381367437554e-06
Title=hdamp91_pT100
XLabel=~
YLabel=~
# xlow	 xhigh	 val	 errminus	 errplus
0.000000e+00	4.000000e-03	1.205882e+02	1.883272e+01	1.883272e+01
4.000000e-03	8.000000e-03	5.882352e+00	4.159452e+00	4.159452e+00
8.000000e-03	1.200000e-02	0.000000e+00	0.000000e+00	0.000000e+00
1.200000e-02	1.600000e-02	2.941177e+00	2.941176e+00	2.941176e+00
1.600000e-02	2.000000e-02	0.000000e+00	0.000000e+00	0.000000e+00
2.000000e-02	2.400000e-02	2.941177e+00	2.941176e+00	2.941176e+00
2.400000e-02	2.900000e-02	2.352942e+00	2.352941e+00	2.352941e+00
2.900000e-02	3.400000e-02	0.000000e+00	0.000000e+00	0.000000e+00
3.400000e-02	3.900000e-02	0.000000e+00	0.000000e+00	0.000000e+00
3.900000e-02	4.500000e-02	3.921568e+00	2.772968e+00	2.772968e+00
4.500000e-02	5.100000e-02	1.960785e+00	1.960784e+00	1.960784e+00
5.100000e-02	5.700000e-02	0.000000e+00	0.000000e+00	0.000000e+00
5.700000e-02	6.400000e-02	1.680673e+00	1.680672e+00	1.680672e+00
6.400000e-02	7.200000e-02	7.352941e+00	3.288335e+00	3.288335e+00
7.200000e-02	8.100000e-02	1.307190e+00	1.307190e+00	1.307190e+00
8.100000e-02	9.100000e-02	3.529412e+00	2.037707e+00	2.037707e+00
9.100000e-02	1.020000e-01	3.208556e+00	1.852461e+00	1.852461e+00
1.020000e-01	1.140000e-01	0.000000e+00	0.000000e+00	0.000000e+00
1.140000e-01	1.280000e-01	2.521009e+00	1.455505e+00	1.455505e+00
1.280000e-01	1.450000e-01	2.076125e+00	1.198651e+00	1.198651e+00
1.450000e-01	1.650000e-01	2.352941e+00	1.176471e+00	1.176471e+00
1.650000e-01	1.890000e-01	1.470588e+00	8.490445e-01	8.490445e-01
1.890000e-01	2.190000e-01	3.921570e-01	3.921569e-01	3.921569e-01
2.190000e-01	2.580000e-01	3.016592e-01	3.016591e-01	3.016591e-01
2.580000e-01	3.120000e-01	6.535948e-01	3.773531e-01	3.773531e-01
3.120000e-01	3.910000e-01	1.489204e-01	1.489203e-01	1.489203e-01
3.910000e-01	5.240000e-01	8.845647e-02	8.845643e-02	8.845643e-02
5.240000e-01	6.950000e-01	6.879947e-02	6.879945e-02	6.879945e-02
6.950000e-01	9.180000e-01	5.275655e-02	5.275653e-02	5.275653e-02
9.180000e-01	1.153000e+00	0.000000e+00	0.000000e+00	0.000000e+00
1.153000e+00	1.496000e+00	0.000000e+00	0.000000e+00	0.000000e+00
1.496000e+00	1.947000e+00	0.000000e+00	0.000000e+00	0.000000e+00
1.947000e+00	2.522000e+00	0.000000e+00	0.000000e+00	0.000000e+00
2.522000e+00	3.277000e+00	0.000000e+00	0.000000e+00	0.000000e+00
3.277000e+00	5.000000e+00	0.000000e+00	0.000000e+00	0.000000e+00
5.000000e+00	1.000000e+01	2.352942e-03	2.352941e-03	2.352941e-03
# END HISTO1D

