# BEGIN PLOT
XTwosidedTicks=1
YTwosidedTicks=1
Title=$Z\rightarrow ee$, dressed level, $66\,\text{GeV}\leq m_{\ell\ell} < 116\,\text{GeV}$, $2.0 \leq |y_{\ell\ell}| < 2.4$
RatioPlotReference=/ATLAS_2015_I1408516/d22-x01-y01
RatioPlot=1
LogX=1
LogY=1
LegendXPos=0.05
XLabel=$p_\text{T}^{\ell\ell}$ [GeV]
YLabel=$1/\sigma$ $\text{d}\sigma/\text{d} p_\text{T}^{\ell\ell}$
XMin=0.9
DrawOnly=/ATLAS_2015_I1408516/d22-x01-y01 //afs/desy.de/user/m/mendizam/ATLAS/POWHEG/YODA_files/hdamp91_pT1001.yoda/ATLAS_2015_I1408516/d22-x01-y01 //afs/desy.de/user/m/mendizam/ATLAS/POWHEG/YODA_files/hdamp91_pT100.yoda/ATLAS_2015_I1408516/d22-x01-y01
LegendYPos=0.3
Legend=1
LegendOnly=/ATLAS_2015_I1408516/d22-x01-y01 //afs/desy.de/user/m/mendizam/ATLAS/POWHEG/YODA_files/hdamp91_pT1001.yoda/ATLAS_2015_I1408516/d22-x01-y01 //afs/desy.de/user/m/mendizam/ATLAS/POWHEG/YODA_files/hdamp91_pT100.yoda/ATLAS_2015_I1408516/d22-x01-y01
# END PLOT

# BEGIN HISTO1D /ATLAS_2015_I1408516/d22-x01-y01
ConnectBins=0
ErrorBars=1
IsRef=1
Path=/ATLAS_2015_I1408516/d22-x01-y01
PolyMarker=*
Title=Data
# xlow	 xhigh	 val	 errminus	 errplus
0.000000e+00	2.000000e+00	2.582000e-02	6.995267e-04	6.995267e-04
2.000000e+00	4.000000e+00	5.224000e-02	9.256952e-04	9.256952e-04
4.000000e+00	6.000000e+00	5.276000e-02	7.253301e-04	7.253301e-04
6.000000e+00	8.000000e+00	4.545000e-02	6.215194e-04	6.215194e-04
8.000000e+00	1.000000e+01	3.928000e-02	5.637741e-04	5.637741e-04
1.000000e+01	1.300000e+01	3.116000e-02	3.765077e-04	3.765077e-04
1.300000e+01	1.600000e+01	2.418000e-02	3.594615e-04	3.594615e-04
1.600000e+01	2.000000e+01	1.935000e-02	2.385628e-04	2.385628e-04
2.000000e+01	2.500000e+01	1.407000e-02	1.989798e-04	1.989798e-04
2.500000e+01	3.000000e+01	1.040000e-02	1.647670e-04	1.647670e-04
3.000000e+01	3.700000e+01	7.412000e-03	1.133818e-04	1.133818e-04
3.700000e+01	4.500000e+01	5.299000e-03	7.983749e-05	7.983749e-05
4.500000e+01	5.500000e+01	3.549000e-03	6.752433e-05	6.752433e-05
5.500000e+01	6.500000e+01	2.400000e-03	5.290898e-05	5.290898e-05
6.500000e+01	7.500000e+01	1.534000e-03	4.245607e-05	4.245607e-05
7.500000e+01	8.500000e+01	9.811000e-04	3.046154e-05	3.046154e-05
8.500000e+01	1.050000e+02	5.455000e-04	1.434986e-05	1.434986e-05
1.050000e+02	1.500000e+02	2.015000e-04	5.334996e-06	5.334996e-06
1.500000e+02	2.000000e+02	5.896000e-05	2.783012e-06	2.783012e-06
2.000000e+02	9.000000e+02	1.803000e-06	1.224050e-07	1.224050e-07
# END HISTO1D


# BEGIN HISTO1D //afs/desy.de/user/m/mendizam/ATLAS/POWHEG/YODA_files/hdamp91_pT1001.yoda/ATLAS_2015_I1408516/d22-x01-y01
LineColor=red
LineStyle=solid
Path=//afs/desy.de/user/m/mendizam/ATLAS/POWHEG/YODA_files/hdamp91_pT1001.yoda/ATLAS_2015_I1408516/d22-x01-y01
ScaledBy=4.56487035001313137e-07
Title=hdamp91_pT1001
XLabel=~
YLabel=~
# xlow	 xhigh	 val	 errminus	 errplus
0.000000e+00	2.000000e+00	2.283220e-01	8.037220e-03	8.037220e-03
2.000000e+00	4.000000e+00	5.067570e-03	1.194437e-03	1.194437e-03
4.000000e+00	6.000000e+00	4.222973e-03	1.090367e-03	1.090367e-03
6.000000e+00	8.000000e+00	2.252252e-03	7.962914e-04	7.962914e-04
8.000000e+00	1.000000e+01	5.349100e-03	1.227167e-03	1.227167e-03
1.000000e+01	1.300000e+01	2.852853e-02	2.329143e-03	2.329143e-03
1.300000e+01	1.600000e+01	2.308559e-02	2.081557e-03	2.081557e-03
1.600000e+01	2.000000e+01	1.815879e-02	1.598792e-03	1.598792e-03
2.000000e+01	2.500000e+01	1.373874e-02	1.254001e-03	1.254001e-03
2.500000e+01	3.000000e+01	7.770270e-03	9.354306e-04	9.354306e-04
3.000000e+01	3.700000e+01	6.435007e-03	7.372226e-04	7.372226e-04
3.700000e+01	4.500000e+01	4.082207e-03	5.451835e-04	5.451835e-04
4.500000e+01	5.500000e+01	3.716216e-03	4.574346e-04	4.574346e-04
5.500000e+01	6.500000e+01	2.195946e-03	3.605363e-04	3.605363e-04
6.500000e+01	7.500000e+01	9.009009e-04	2.252252e-04	2.252252e-04
7.500000e+01	8.500000e+01	9.572072e-04	2.321568e-04	2.321568e-04
8.500000e+01	1.050000e+02	3.659910e-04	1.015076e-04	1.015076e-04
1.050000e+02	1.500000e+02	1.876877e-04	4.846075e-05	4.846075e-05
1.500000e+02	2.000000e+02	2.252252e-05	1.592583e-05	1.592583e-05
2.000000e+02	9.000000e+02	3.217503e-06	1.608752e-06	1.608752e-06
# END HISTO1D


# BEGIN HISTO1D //afs/desy.de/user/m/mendizam/ATLAS/POWHEG/YODA_files/hdamp91_pT100.yoda/ATLAS_2015_I1408516/d22-x01-y01
LineColor=blue
LineStyle=solid
Path=//afs/desy.de/user/m/mendizam/ATLAS/POWHEG/YODA_files/hdamp91_pT100.yoda/ATLAS_2015_I1408516/d22-x01-y01
ScaledBy=4.72448120141222132e-07
Title=hdamp91_pT100
XLabel=~
YLabel=~
# xlow	 xhigh	 val	 errminus	 errplus
0.000000e+00	2.000000e+00	2.322261e-01	8.236185e-03	8.236185e-03
2.000000e+00	4.000000e+00	5.827505e-03	1.303070e-03	1.303070e-03
4.000000e+00	6.000000e+00	3.205128e-03	9.663826e-04	9.663826e-04
6.000000e+00	8.000000e+00	1.748252e-03	7.137207e-04	7.137207e-04
8.000000e+00	1.000000e+01	2.331003e-03	8.241338e-04	8.241338e-04
1.000000e+01	1.300000e+01	2.777778e-02	2.339082e-03	2.339082e-03
1.300000e+01	1.600000e+01	2.233877e-02	2.083101e-03	2.083101e-03
1.600000e+01	2.000000e+01	1.762821e-02	1.628837e-03	1.628837e-03
2.000000e+01	2.500000e+01	1.363636e-02	1.271412e-03	1.271412e-03
2.500000e+01	3.000000e+01	7.692308e-03	9.468575e-04	9.468575e-04
3.000000e+01	3.700000e+01	6.660007e-03	7.629996e-04	7.629996e-04
3.700000e+01	4.500000e+01	4.152098e-03	5.499588e-04	5.499588e-04
4.500000e+01	5.500000e+01	3.613054e-03	4.588583e-04	4.588583e-04
5.500000e+01	6.500000e+01	2.738928e-03	3.995137e-04	3.995137e-04
6.500000e+01	7.500000e+01	9.906760e-04	2.402742e-04	2.402742e-04
7.500000e+01	8.500000e+01	1.223776e-03	2.670499e-04	2.670499e-04
8.500000e+01	1.050000e+02	2.913753e-04	9.214095e-05	9.214095e-05
1.050000e+02	1.500000e+02	1.813002e-04	4.845451e-05	4.845451e-05
1.500000e+02	2.000000e+02	1.165501e-05	1.165501e-05	1.165501e-05
2.000000e+02	9.000000e+02	2.497503e-06	1.441934e-06	1.441934e-06
# END HISTO1D

