# BEGIN PLOT
XTwosidedTicks=1
YTwosidedTicks=1
Title=$Z\rightarrow ee$, dressed level, $66\,\text{GeV}\leq m_{\ell\ell} < 116\,\text{GeV}$, $2.0\leq |y_{\ell\ell}| < 2.4$
RatioPlotReference=/ATLAS_2015_I1408516/d10-x01-y01
RatioPlot=1
LogX=1
LogY=1
LegendXPos=0.05
XLabel=$\phi^\ast_\eta$
YLabel=$1/\sigma$ $\text{d}\sigma/\text{d}\phi^\ast_\eta$
XMin=0.001
DrawOnly=/ATLAS_2015_I1408516/d10-x01-y01 //afs/desy.de/user/m/mendizam/ATLAS/POWHEG/YODA_files/hdamp1_pTmin10.yoda/ATLAS_2015_I1408516/d10-x01-y01 //afs/desy.de/user/m/mendizam/ATLAS/POWHEG/YODA_files/hdamp1_pTmin100-0.yoda/ATLAS_2015_I1408516/d10-x01-y01
LegendYPos=0.3
Legend=1
LegendOnly=/ATLAS_2015_I1408516/d10-x01-y01 //afs/desy.de/user/m/mendizam/ATLAS/POWHEG/YODA_files/hdamp1_pTmin10.yoda/ATLAS_2015_I1408516/d10-x01-y01 //afs/desy.de/user/m/mendizam/ATLAS/POWHEG/YODA_files/hdamp1_pTmin100-0.yoda/ATLAS_2015_I1408516/d10-x01-y01
# END PLOT

# BEGIN HISTO1D /ATLAS_2015_I1408516/d10-x01-y01
ConnectBins=0
ErrorBars=1
IsRef=1
Path=/ATLAS_2015_I1408516/d10-x01-y01
PolyMarker=*
Title=Data
# xlow	 xhigh	 val	 errminus	 errplus
0.000000e+00	4.000000e-03	9.324000e+00	1.042455e-01	1.042455e-01
4.000000e-03	8.000000e-03	9.101000e+00	1.017523e-01	1.017523e-01
8.000000e-03	1.200000e-02	9.083000e+00	1.015510e-01	1.015510e-01
1.200000e-02	1.600000e-02	8.825000e+00	9.866650e-02	9.866650e-02
1.600000e-02	2.000000e-02	8.401000e+00	9.392604e-02	9.392604e-02
2.000000e-02	2.400000e-02	8.047000e+00	1.001843e-01	1.001843e-01
2.400000e-02	2.900000e-02	7.986000e+00	9.244463e-02	9.244463e-02
2.900000e-02	3.400000e-02	7.168000e+00	8.297560e-02	8.297560e-02
3.400000e-02	3.900000e-02	6.833000e+00	7.909769e-02	7.909769e-02
3.900000e-02	4.500000e-02	6.468000e+00	7.231444e-02	7.231444e-02
4.500000e-02	5.100000e-02	5.717000e+00	6.262660e-02	6.262660e-02
5.100000e-02	5.700000e-02	5.413000e+00	6.427581e-02	6.427581e-02
5.700000e-02	6.400000e-02	4.935000e+00	5.406022e-02	5.406022e-02
6.400000e-02	7.200000e-02	4.502000e+00	4.931694e-02	4.931694e-02
7.200000e-02	8.100000e-02	3.994000e+00	4.536312e-02	4.536312e-02
8.100000e-02	9.100000e-02	3.517000e+00	3.947823e-02	3.947823e-02
9.100000e-02	1.020000e-01	3.161000e+00	3.699856e-02	3.699856e-02
1.020000e-01	1.140000e-01	2.793000e+00	3.543920e-02	3.543920e-02
1.140000e-01	1.280000e-01	2.404000e+00	3.021781e-02	3.021781e-02
1.280000e-01	1.450000e-01	2.036000e+00	2.383077e-02	2.383077e-02
1.450000e-01	1.650000e-01	1.743000e+00	2.062345e-02	2.062345e-02
1.650000e-01	1.890000e-01	1.447000e+00	1.712113e-02	1.712113e-02
1.890000e-01	2.190000e-01	1.175000e+00	1.287148e-02	1.287148e-02
2.190000e-01	2.580000e-01	8.940000e-01	1.034880e-02	1.034880e-02
2.580000e-01	3.120000e-01	6.560000e-01	8.087711e-03	8.087711e-03
3.120000e-01	3.910000e-01	4.380000e-01	5.908943e-03	5.908943e-03
3.910000e-01	5.240000e-01	2.550000e-01	3.542573e-03	3.542573e-03
5.240000e-01	6.950000e-01	1.310000e-01	2.003915e-03	2.003915e-03
6.950000e-01	9.180000e-01	6.120000e-02	1.216326e-03	1.216326e-03
9.180000e-01	1.153000e+00	2.920000e-02	7.586383e-04	7.586383e-04
1.153000e+00	1.496000e+00	1.320000e-02	4.151185e-04	4.151185e-04
1.496000e+00	1.947000e+00	4.920000e-03	2.155836e-04	2.155836e-04
1.947000e+00	2.522000e+00	1.910000e-03	1.172746e-04	1.172746e-04
2.522000e+00	3.277000e+00	5.830000e-04	5.450037e-05	5.450037e-05
3.277000e+00	5.000000e+00	1.390000e-04	1.754761e-05	1.754761e-05
5.000000e+00	1.000000e+01	2.470000e-05	5.084362e-06	5.084362e-06
# END HISTO1D


# BEGIN HISTO1D //afs/desy.de/user/m/mendizam/ATLAS/POWHEG/YODA_files/hdamp1_pTmin10.yoda/ATLAS_2015_I1408516/d10-x01-y01
LineColor=red
LineStyle=solid
Path=//afs/desy.de/user/m/mendizam/ATLAS/POWHEG/YODA_files/hdamp1_pTmin10.yoda/ATLAS_2015_I1408516/d10-x01-y01
ScaledBy=2.05247480227995721e-06
Title=POWHEG hdamp1 pTcut10
XLabel=~
YLabel=~
# xlow	 xhigh	 val	 errminus	 errplus
0.000000e+00	4.000000e-03	4.240507e+01	5.180603e+00	5.180603e+00
4.000000e-03	8.000000e-03	3.164557e+00	1.415233e+00	1.415233e+00
8.000000e-03	1.200000e-02	8.227847e+00	2.281994e+00	2.281994e+00
1.200000e-02	1.600000e-02	5.696203e+00	1.898734e+00	1.898734e+00
1.600000e-02	2.000000e-02	6.962025e+00	2.099130e+00	2.099130e+00
2.000000e-02	2.400000e-02	1.139241e+01	2.685215e+00	2.685215e+00
2.400000e-02	2.900000e-02	7.088608e+00	1.894510e+00	1.894510e+00
2.900000e-02	3.400000e-02	5.569620e+00	1.679304e+00	1.679304e+00
3.400000e-02	3.900000e-02	9.113924e+00	2.148172e+00	2.148172e+00
3.900000e-02	4.500000e-02	7.594937e+00	1.790144e+00	1.790144e+00
4.500000e-02	5.100000e-02	5.063292e+00	1.461646e+00	1.461646e+00
5.100000e-02	5.700000e-02	4.219410e+00	1.334294e+00	1.334294e+00
5.700000e-02	6.400000e-02	3.978300e+00	1.199503e+00	1.199503e+00
6.400000e-02	7.200000e-02	4.746835e+00	1.304780e+00	1.304780e+00
7.200000e-02	8.100000e-02	5.625879e+00	1.257985e+00	1.257985e+00
8.100000e-02	9.100000e-02	2.784810e+00	8.396518e-01	8.396518e-01
9.100000e-02	1.020000e-01	2.531645e+00	7.633198e-01	7.633198e-01
1.020000e-01	1.140000e-01	3.375527e+00	8.438820e-01	8.438820e-01
1.140000e-01	1.280000e-01	2.169982e+00	6.264198e-01	6.264198e-01
1.280000e-01	1.450000e-01	1.489204e+00	5.572088e-01	5.572088e-01
1.450000e-01	1.650000e-01	1.898734e+00	5.219121e-01	5.219121e-01
1.650000e-01	1.890000e-01	1.687764e+00	4.219410e-01	4.219410e-01
1.890000e-01	2.190000e-01	5.063290e-01	2.067080e-01	2.067080e-01
2.190000e-01	2.580000e-01	8.438818e-01	2.340507e-01	2.340507e-01
2.580000e-01	3.120000e-01	5.625880e-01	1.624051e-01	1.624051e-01
3.120000e-01	3.910000e-01	1.281846e-01	6.409230e-02	6.409230e-02
3.910000e-01	5.240000e-01	2.093842e-01	6.313172e-02	6.313172e-02
5.240000e-01	6.950000e-01	5.921977e-02	2.960989e-02	2.960989e-02
6.950000e-01	9.180000e-01	2.270534e-02	1.605510e-02	1.605510e-02
9.180000e-01	1.153000e+00	0.000000e+00	0.000000e+00	0.000000e+00
1.153000e+00	1.496000e+00	0.000000e+00	0.000000e+00	0.000000e+00
1.496000e+00	1.947000e+00	0.000000e+00	0.000000e+00	0.000000e+00
1.947000e+00	2.522000e+00	0.000000e+00	0.000000e+00	0.000000e+00
2.522000e+00	3.277000e+00	0.000000e+00	0.000000e+00	0.000000e+00
3.277000e+00	5.000000e+00	0.000000e+00	0.000000e+00	0.000000e+00
5.000000e+00	1.000000e+01	0.000000e+00	0.000000e+00	0.000000e+00
# END HISTO1D


# BEGIN HISTO1D //afs/desy.de/user/m/mendizam/ATLAS/POWHEG/YODA_files/hdamp1_pTmin100-0.yoda/ATLAS_2015_I1408516/d10-x01-y01
LineColor=blue
LineStyle=solid
Path=//afs/desy.de/user/m/mendizam/ATLAS/POWHEG/YODA_files/hdamp1_pTmin100-0.yoda/ATLAS_2015_I1408516/d10-x01-y01
ScaledBy=4.74877842376389501e-08
Title=POWHEG hdamp1 pTcut100
XLabel=~
YLabel=~
# xlow	 xhigh	 val	 errminus	 errplus
0.000000e+00	4.000000e-03	1.135059e+02	1.291832e+00	1.291832e+00
4.000000e-03	8.000000e-03	4.875835e+00	2.679952e-01	2.679952e-01
8.000000e-03	1.200000e-02	3.279840e+00	2.191436e-01	2.191436e-01
1.200000e-02	1.600000e-02	2.562375e+00	1.948011e-01	1.948011e-01
1.600000e-02	2.000000e-02	1.976690e+00	1.713819e-01	1.713819e-01
2.000000e-02	2.400000e-02	1.830268e+00	1.663028e-01	1.663028e-01
2.400000e-02	2.900000e-02	2.108470e+00	1.580267e-01	1.580267e-01
2.900000e-02	3.400000e-02	1.921050e+00	1.509207e-01	1.509207e-01
3.400000e-02	3.900000e-02	1.874195e+00	1.481681e-01	1.481681e-01
3.900000e-02	4.500000e-02	1.825388e+00	1.341975e-01	1.341975e-01
4.500000e-02	5.100000e-02	1.571590e+00	1.253878e-01	1.253878e-01
5.100000e-02	5.700000e-02	1.688727e+00	1.298674e-01	1.298674e-01
5.700000e-02	6.400000e-02	1.807259e+00	1.235364e-01	1.235364e-01
6.400000e-02	7.200000e-02	1.874195e+00	1.175938e-01	1.175938e-01
7.200000e-02	8.100000e-02	1.848164e+00	1.096684e-01	1.096684e-01
8.100000e-02	9.100000e-02	1.792199e+00	1.031206e-01	1.031206e-01
9.100000e-02	1.020000e-01	2.081847e+00	1.055525e-01	1.055525e-01
1.020000e-01	1.140000e-01	2.352505e+00	1.078185e-01	1.078185e-01
1.140000e-01	1.280000e-01	2.192139e+00	9.631072e-02	9.631072e-02
1.280000e-01	1.450000e-01	1.884531e+00	8.145574e-02	8.145574e-02
1.450000e-01	1.650000e-01	1.595994e+00	6.874016e-02	6.874016e-02
1.650000e-01	1.890000e-01	1.376362e+00	5.846681e-02	5.846681e-02
1.890000e-01	2.190000e-01	1.058139e+00	4.545096e-02	4.545096e-02
2.190000e-01	2.580000e-01	7.914267e-01	3.467079e-02	3.467079e-02
2.580000e-01	3.120000e-01	5.466402e-01	2.454177e-02	2.454177e-02
3.120000e-01	3.910000e-01	3.743941e-01	1.669328e-02	1.669328e-02
3.910000e-01	5.240000e-01	2.082928e-01	9.597540e-03	9.597540e-03
5.240000e-01	6.950000e-01	9.590175e-02	5.792308e-03	5.792308e-03
6.950000e-01	9.180000e-01	4.228494e-02	3.332520e-03	3.332520e-03
9.180000e-01	1.153000e+00	2.367666e-02	2.429174e-03	2.429174e-03
1.153000e+00	1.496000e+00	9.903726e-03	1.300423e-03	1.300423e-03
1.496000e+00	1.947000e+00	2.727140e-03	5.951108e-04	5.951108e-04
1.947000e+00	2.522000e+00	1.018584e-03	3.221046e-04	3.221046e-04
2.522000e+00	3.277000e+00	3.102971e-04	1.551486e-04	1.551486e-04
3.277000e+00	5.000000e+00	1.699611e-04	7.600891e-05	7.600891e-05
5.000000e+00	1.000000e+01	1.171372e-05	1.171372e-05	1.171372e-05
# END HISTO1D

