# BEGIN PLOT
XTwosidedTicks=1
YTwosidedTicks=1
Title=$Z\rightarrow ee$, dressed level, $66\,\text{GeV}\leq m_{\ell\ell} < 116\,\text{GeV}$, $|y_{\ell\ell}| < 0.4$
RatioPlotReference=/ATLAS_2015_I1408516/d29-x01-y01
RatioPlot=1
LogX=1
LogY=1
LegendXPos=0.05
XLabel=$p_\text{T}^{\ell\ell}$ [GeV]
YLabel=$\text{d}\sigma/\text{d} p_\text{T}^{\ell\ell}$ [pb GeV$^{-1}$]
XMin=0.9
DrawOnly=/ATLAS_2015_I1408516/d29-x01-y01 //afs/desy.de/user/m/mendizam/ATLAS/POWHEG/YODA_files/hdamp1_pTmin10.yoda/ATLAS_2015_I1408516/d29-x01-y01 //afs/desy.de/user/m/mendizam/ATLAS/POWHEG/YODA_files/hdamp1_pTmin100-0.yoda/ATLAS_2015_I1408516/d29-x01-y01
LegendYPos=0.3
Legend=1
LegendOnly=/ATLAS_2015_I1408516/d29-x01-y01 //afs/desy.de/user/m/mendizam/ATLAS/POWHEG/YODA_files/hdamp1_pTmin10.yoda/ATLAS_2015_I1408516/d29-x01-y01 //afs/desy.de/user/m/mendizam/ATLAS/POWHEG/YODA_files/hdamp1_pTmin100-0.yoda/ATLAS_2015_I1408516/d29-x01-y01
# END PLOT

# BEGIN HISTO1D /ATLAS_2015_I1408516/d29-x01-y01
ConnectBins=0
ErrorBars=1
IsRef=1
Path=/ATLAS_2015_I1408516/d29-x01-y01
PolyMarker=*
Title=Data
# xlow	 xhigh	 val	 errminus	 errplus
0.000000e+00	2.000000e+00	3.107000e+00	9.495431e-02	9.495431e-02
2.000000e+00	4.000000e+00	6.445000e+00	1.909722e-01	1.909722e-01
4.000000e+00	6.000000e+00	6.534000e+00	1.936094e-01	1.936094e-01
6.000000e+00	8.000000e+00	5.804000e+00	1.709965e-01	1.709965e-01
8.000000e+00	1.000000e+01	4.891000e+00	1.455021e-01	1.455021e-01
1.000000e+01	1.300000e+01	3.903000e+00	1.145250e-01	1.145250e-01
1.300000e+01	1.600000e+01	3.002000e+00	8.930635e-02	8.930635e-02
1.600000e+01	2.000000e+01	2.276000e+00	6.770861e-02	6.770861e-02
2.000000e+01	2.500000e+01	1.633000e+00	4.858003e-02	4.858003e-02
2.500000e+01	3.000000e+01	1.163000e+00	3.496745e-02	3.496745e-02
3.000000e+01	3.700000e+01	8.137000e-01	2.474772e-02	2.474772e-02
3.700000e+01	4.500000e+01	5.484000e-01	1.700924e-02	1.700924e-02
4.500000e+01	5.500000e+01	3.590000e-01	1.143177e-02	1.143177e-02
5.500000e+01	6.500000e+01	2.282000e-01	7.433157e-03	7.433157e-03
6.500000e+01	7.500000e+01	1.512000e-01	4.989600e-03	4.989600e-03
7.500000e+01	8.500000e+01	1.008000e-01	3.321815e-03	3.321815e-03
8.500000e+01	1.050000e+02	5.874000e-02	1.887922e-03	1.887922e-03
1.050000e+02	1.500000e+02	2.247000e-02	7.193910e-04	7.193910e-04
1.500000e+02	2.000000e+02	6.375000e-03	2.171247e-04	2.171247e-04
2.000000e+02	9.000000e+02	2.712000e-04	1.031273e-05	1.031273e-05
# END HISTO1D


# BEGIN HISTO1D //afs/desy.de/user/m/mendizam/ATLAS/POWHEG/YODA_files/hdamp1_pTmin10.yoda/ATLAS_2015_I1408516/d29-x01-y01
LineColor=red
LineStyle=solid
Path=//afs/desy.de/user/m/mendizam/ATLAS/POWHEG/YODA_files/hdamp1_pTmin10.yoda/ATLAS_2015_I1408516/d29-x01-y01
ScaledBy=3.99999999999706146e-05
Title=POWHEG hdamp1 pTcut10
XLabel=~
YLabel=~
# xlow	 xhigh	 val	 errminus	 errplus
0.000000e+00	2.000000e+00	7.573445e+00	4.350461e-01	4.350461e-01
2.000000e+00	4.000000e+00	4.391118e+00	3.309721e-01	3.309721e-01
4.000000e+00	6.000000e+00	8.165505e+00	4.515205e-01	4.515205e-01
6.000000e+00	8.000000e+00	6.932045e+00	4.164640e-01	4.164640e-01
8.000000e+00	1.000000e+01	5.673915e+00	3.757500e-01	3.757500e-01
1.000000e+01	1.300000e+01	4.374670e+00	2.712366e-01	2.712366e-01
1.300000e+01	1.600000e+01	2.960304e+00	2.218705e-01	2.218705e-01
1.600000e+01	2.000000e+01	2.220228e+00	1.682215e-01	1.682215e-01
2.000000e+01	2.500000e+01	1.628167e+00	1.275185e-01	1.275185e-01
2.500000e+01	3.000000e+01	1.105180e+00	1.053580e-01	1.053580e-01
3.000000e+01	3.700000e+01	7.330277e-01	7.256713e-02	7.256713e-02
3.700000e+01	4.500000e+01	5.427224e-01	5.785440e-02	5.785440e-02
4.500000e+01	5.500000e+01	3.256334e-01	4.127946e-02	4.127946e-02
5.500000e+01	6.500000e+01	1.628167e-01	2.834275e-02	2.834275e-02
6.500000e+01	7.500000e+01	9.374296e-02	2.150611e-02	2.150611e-02
7.500000e+01	8.500000e+01	5.427224e-02	1.636369e-02	1.636369e-02
8.500000e+01	1.050000e+02	2.220228e-02	7.400760e-03	7.400760e-03
1.050000e+02	1.500000e+02	7.674862e-03	2.900825e-03	2.900825e-03
1.500000e+02	2.000000e+02	0.000000e+00	0.000000e+00	0.000000e+00
2.000000e+02	9.000000e+02	7.048343e-05	7.048343e-05	7.048343e-05
# END HISTO1D


# BEGIN HISTO1D //afs/desy.de/user/m/mendizam/ATLAS/POWHEG/YODA_files/hdamp1_pTmin100-0.yoda/ATLAS_2015_I1408516/d29-x01-y01
LineColor=blue
LineStyle=solid
Path=//afs/desy.de/user/m/mendizam/ATLAS/POWHEG/YODA_files/hdamp1_pTmin100-0.yoda/ATLAS_2015_I1408516/d29-x01-y01
ScaledBy=9.99999999994852112e-07
Title=POWHEG hdamp1 pTcut100
XLabel=~
YLabel=~
# xlow	 xhigh	 val	 errminus	 errplus
0.000000e+00	2.000000e+00	2.975556e+01	1.364165e-01	1.364165e-01
2.000000e+00	4.000000e+00	7.202705e-01	2.118331e-02	2.118331e-02
4.000000e+00	6.000000e+00	4.033022e-01	1.589048e-02	1.589048e-02
6.000000e+00	8.000000e+00	3.188184e-01	1.415657e-02	1.415657e-02
8.000000e+00	1.000000e+01	3.650686e-01	1.533017e-02	1.533017e-02
1.000000e+01	1.300000e+01	3.991087e+00	4.107843e-02	4.107843e-02
1.300000e+01	1.600000e+01	3.068139e+00	3.606802e-02	3.606802e-02
1.600000e+01	2.000000e+01	2.282604e+00	2.694537e-02	2.694537e-02
2.000000e+01	2.500000e+01	1.614442e+00	2.030334e-02	2.030334e-02
2.500000e+01	3.000000e+01	1.097426e+00	1.678612e-02	1.678612e-02
3.000000e+01	3.700000e+01	7.586803e-01	1.177455e-02	1.177455e-02
3.700000e+01	4.500000e+01	4.905610e-01	8.813205e-03	8.813205e-03
4.500000e+01	5.500000e+01	2.984683e-01	6.139506e-03	6.139506e-03
5.500000e+01	6.500000e+01	1.803143e-01	4.805280e-03	4.805280e-03
6.500000e+01	7.500000e+01	1.202506e-01	3.886489e-03	3.886489e-03
7.500000e+01	8.500000e+01	8.115377e-02	3.197183e-03	3.197183e-03
8.500000e+01	1.050000e+02	4.181022e-02	1.624548e-03	1.624548e-03
1.050000e+02	1.500000e+02	1.499193e-02	6.456792e-04	6.456792e-04
1.500000e+02	2.000000e+02	5.155362e-03	3.566038e-04	3.566038e-04
2.000000e+02	9.000000e+02	2.360966e-04	2.039563e-05	2.039563e-05
# END HISTO1D

