# BEGIN PLOT
XTwosidedTicks=1
YTwosidedTicks=1
Title=$Z\rightarrow ee$, dressed level, $116\,\text{GeV}\leq m_{\ell\ell} < 150\,\text{GeV}$, $0.8\leq |y_{\ell\ell}| < 1.6$
RatioPlotReference=/ATLAS_2015_I1408516/d12-x01-y01
RatioPlot=1
LogX=1
LogY=1
LegendXPos=0.05
XLabel=$\phi^\ast_\eta$
YLabel=$1/\sigma$ $\text{d}\sigma/\text{d}\phi^\ast_\eta$
XMin=0.001
DrawOnly=/ATLAS_2015_I1408516/d12-x01-y01 //afs/desy.de/user/m/mendizam/ATLAS/POWHEG/YODA_files/hdamp1-pTmin49-0.yoda/ATLAS_2015_I1408516/d12-x01-y01 //afs/desy.de/user/m/mendizam/ATLAS/POWHEG/YODA_files/hdamp1_pTmin100-PSoff.yoda/ATLAS_2015_I1408516/d12-x01-y01
LegendYPos=0.3
Legend=1
LegendOnly=/ATLAS_2015_I1408516/d12-x01-y01 //afs/desy.de/user/m/mendizam/ATLAS/POWHEG/YODA_files/hdamp1-pTmin49-0.yoda/ATLAS_2015_I1408516/d12-x01-y01 //afs/desy.de/user/m/mendizam/ATLAS/POWHEG/YODA_files/hdamp1_pTmin100-PSoff.yoda/ATLAS_2015_I1408516/d12-x01-y01
# END PLOT

# BEGIN HISTO1D /ATLAS_2015_I1408516/d12-x01-y01
ConnectBins=0
ErrorBars=1
IsRef=1
Path=/ATLAS_2015_I1408516/d12-x01-y01
PolyMarker=*
Title=Data
# xlow	 xhigh	 val	 errminus	 errplus
0.000000e+00	4.000000e-03	1.097200e+01	4.375064e-01	4.375064e-01
4.000000e-03	8.000000e-03	1.198900e+01	3.941811e-01	3.941811e-01
8.000000e-03	1.200000e-02	1.062800e+01	3.698483e-01	3.698483e-01
1.200000e-02	1.600000e-02	1.071800e+01	3.594926e-01	3.594926e-01
1.600000e-02	2.000000e-02	9.871000e+00	3.456260e-01	3.456260e-01
2.000000e-02	2.400000e-02	9.754000e+00	3.504660e-01	3.504660e-01
2.400000e-02	2.900000e-02	8.577000e+00	2.857570e-01	2.857570e-01
2.900000e-02	3.400000e-02	7.516000e+00	3.044676e-01	3.044676e-01
3.400000e-02	3.900000e-02	7.643000e+00	2.705449e-01	2.705449e-01
3.900000e-02	4.500000e-02	6.365000e+00	2.268299e-01	2.268299e-01
4.500000e-02	5.100000e-02	6.080000e+00	2.185420e-01	2.185420e-01
5.100000e-02	5.700000e-02	5.577000e+00	2.057452e-01	2.057452e-01
5.700000e-02	6.400000e-02	4.794000e+00	1.822351e-01	1.822351e-01
6.400000e-02	7.200000e-02	4.645000e+00	1.787571e-01	1.787571e-01
7.200000e-02	8.100000e-02	4.082000e+00	1.486431e-01	1.486431e-01
8.100000e-02	9.100000e-02	3.474000e+00	1.294735e-01	1.294735e-01
9.100000e-02	1.020000e-01	3.205000e+00	1.210710e-01	1.210710e-01
1.020000e-01	1.140000e-01	2.435000e+00	1.017469e-01	1.017469e-01
1.140000e-01	1.280000e-01	2.051000e+00	8.528314e-02	8.528314e-02
1.280000e-01	1.450000e-01	1.828000e+00	8.088771e-02	8.088771e-02
1.450000e-01	1.650000e-01	1.608000e+00	6.791778e-02	6.791778e-02
1.650000e-01	1.890000e-01	1.211000e+00	5.259143e-02	5.259143e-02
1.890000e-01	2.190000e-01	9.400000e-01	4.274675e-02	4.274675e-02
2.190000e-01	2.580000e-01	7.740000e-01	3.470076e-02	3.470076e-02
2.580000e-01	3.120000e-01	5.470000e-01	2.742102e-02	2.742102e-02
3.120000e-01	3.910000e-01	3.550000e-01	1.845317e-02	1.845317e-02
3.910000e-01	5.240000e-01	2.120000e-01	1.117182e-02	1.117182e-02
5.240000e-01	6.950000e-01	1.010000e-01	7.258661e-03	7.258661e-03
6.950000e-01	9.180000e-01	5.040000e-02	4.329416e-03	4.329416e-03
9.180000e-01	1.153000e+00	2.540000e-02	2.901165e-03	2.901165e-03
1.153000e+00	1.496000e+00	1.140000e-02	3.444611e-03	3.444611e-03
1.496000e+00	1.947000e+00	5.230000e-03	9.077478e-04	9.077478e-04
1.947000e+00	2.522000e+00	2.360000e-03	5.490235e-04	5.490235e-04
2.522000e+00	3.277000e+00	1.470000e-03	3.806392e-04	3.806392e-04
3.277000e+00	5.000000e+00	6.540000e-04	1.789906e-04	1.789906e-04
5.000000e+00	1.000000e+01	2.280000e-04	5.534533e-05	5.534533e-05
# END HISTO1D


# BEGIN HISTO1D //afs/desy.de/user/m/mendizam/ATLAS/POWHEG/YODA_files/hdamp1-pTmin49-0.yoda/ATLAS_2015_I1408516/d12-x01-y01
LineColor=red
LineStyle=solid
Path=//afs/desy.de/user/m/mendizam/ATLAS/POWHEG/YODA_files/hdamp1-pTmin49-0.yoda/ATLAS_2015_I1408516/d12-x01-y01
ScaledBy=2.13933094478457911e-06
Title=POWHEG (hdamp1 pT49)
XLabel=~
YLabel=~
# xlow	 xhigh	 val	 errminus	 errplus
0.000000e+00	4.000000e-03	7.453825e+01	7.011970e+00	7.011970e+00
4.000000e-03	8.000000e-03	3.957782e+00	1.615758e+00	1.615758e+00
8.000000e-03	1.200000e-02	2.638523e+00	1.319261e+00	1.319261e+00
1.200000e-02	1.600000e-02	3.957782e+00	1.615758e+00	1.615758e+00
1.600000e-02	2.000000e-02	6.596305e+00	2.085935e+00	2.085935e+00
2.000000e-02	2.400000e-02	3.957782e+00	1.615758e+00	1.615758e+00
2.400000e-02	2.900000e-02	2.638522e+00	1.179983e+00	1.179983e+00
2.900000e-02	3.400000e-02	1.583113e+00	1.179983e+00	1.179983e+00
3.400000e-02	3.900000e-02	3.693932e+00	1.396175e+00	1.396175e+00
3.900000e-02	4.500000e-02	3.957783e+00	1.319261e+00	1.319261e+00
4.500000e-02	5.100000e-02	5.277045e+00	1.523352e+00	1.523352e+00
5.100000e-02	5.700000e-02	6.156552e+00	1.759015e+00	1.759015e+00
5.700000e-02	6.400000e-02	3.769317e+00	1.191963e+00	1.191963e+00
6.400000e-02	7.200000e-02	6.266491e+00	1.437632e+00	1.437632e+00
7.200000e-02	8.100000e-02	2.638522e+00	8.795075e-01	8.795075e-01
8.100000e-02	9.100000e-02	4.749340e+00	1.119430e+00	1.119430e+00
9.100000e-02	1.020000e-01	1.918925e+00	6.784426e-01	6.784426e-01
1.020000e-01	1.140000e-01	2.858399e+00	7.927773e-01	7.927773e-01
1.140000e-01	1.280000e-01	3.769318e+00	8.428450e-01	8.428450e-01
1.280000e-01	1.450000e-01	1.707279e+00	5.147641e-01	5.147641e-01
1.450000e-01	1.650000e-01	1.055409e+00	3.731434e-01	3.731434e-01
1.650000e-01	1.890000e-01	1.099384e+00	3.476559e-01	3.476559e-01
1.890000e-01	2.190000e-01	7.036060e-01	2.487623e-01	2.487623e-01
2.190000e-01	2.580000e-01	6.088897e-01	2.029633e-01	2.029633e-01
2.580000e-01	3.120000e-01	3.908922e-01	1.382013e-01	1.382013e-01
3.120000e-01	3.910000e-01	2.003941e-01	8.181055e-02	8.181055e-02
3.910000e-01	5.240000e-01	1.388696e-01	5.248777e-02	5.248777e-02
5.240000e-01	6.950000e-01	1.080097e-01	4.082382e-02	4.082382e-02
6.950000e-01	9.180000e-01	3.549582e-02	2.049352e-02	2.049352e-02
9.180000e-01	1.153000e+00	2.245551e-02	1.587844e-02	1.587844e-02
1.153000e+00	1.496000e+00	2.307745e-02	1.332377e-02	1.332377e-02
1.496000e+00	1.947000e+00	5.850381e-03	5.850382e-03	5.850382e-03
1.947000e+00	2.522000e+00	0.000000e+00	0.000000e+00	0.000000e+00
2.522000e+00	3.277000e+00	0.000000e+00	0.000000e+00	0.000000e+00
3.277000e+00	5.000000e+00	3.062707e-03	2.165661e-03	2.165661e-03
5.000000e+00	1.000000e+01	5.277044e-04	5.277045e-04	5.277045e-04
# END HISTO1D


# BEGIN HISTO1D //afs/desy.de/user/m/mendizam/ATLAS/POWHEG/YODA_files/hdamp1_pTmin100-PSoff.yoda/ATLAS_2015_I1408516/d12-x01-y01
LineColor=blue
LineStyle=solid
Path=//afs/desy.de/user/m/mendizam/ATLAS/POWHEG/YODA_files/hdamp1_pTmin100-PSoff.yoda/ATLAS_2015_I1408516/d12-x01-y01
ScaledBy=2.12810086108492231e-06
Title=POWHEG (hdamp1 pT100)
XLabel=~
YLabel=~
# xlow	 xhigh	 val	 errminus	 errplus
0.000000e+00	4.000000e-03	1.154856e+02	8.705052e+00	8.705052e+00
4.000000e-03	8.000000e-03	5.249345e+00	1.855923e+00	1.855923e+00
8.000000e-03	1.200000e-02	2.624672e+00	1.312336e+00	1.312336e+00
1.200000e-02	1.600000e-02	2.624672e+00	1.312336e+00	1.312336e+00
1.600000e-02	2.000000e-02	3.937007e+00	1.607277e+00	1.607277e+00
2.000000e-02	2.400000e-02	2.624672e+00	1.312336e+00	1.312336e+00
2.400000e-02	2.900000e-02	1.049869e+00	7.423694e-01	7.423694e-01
2.900000e-02	3.400000e-02	5.249344e-01	5.249344e-01	5.249344e-01
3.400000e-02	3.900000e-02	1.049869e+00	7.423694e-01	7.423694e-01
3.900000e-02	4.500000e-02	2.187227e+00	9.781574e-01	9.781574e-01
4.500000e-02	5.100000e-02	2.624672e+00	1.071518e+00	1.071518e+00
5.100000e-02	5.700000e-02	2.187227e+00	9.781574e-01	9.781574e-01
5.700000e-02	6.400000e-02	1.874766e+00	8.384206e-01	8.384206e-01
6.400000e-02	7.200000e-02	1.968504e+00	9.279616e-01	9.279616e-01
7.200000e-02	8.100000e-02	1.749781e+00	7.143452e-01	7.143452e-01
8.100000e-02	9.100000e-02	2.887139e+00	8.705052e-01	8.705052e-01
9.100000e-02	1.020000e-01	2.624672e+00	8.603081e-01	8.603081e-01
1.020000e-01	1.140000e-01	2.405949e+00	7.254210e-01	7.254210e-01
1.140000e-01	1.280000e-01	3.749531e+00	8.384208e-01	8.384208e-01
1.280000e-01	1.450000e-01	1.543925e+00	4.882319e-01	4.882319e-01
1.450000e-01	1.650000e-01	1.312336e+00	4.149971e-01	4.149971e-01
1.650000e-01	1.890000e-01	1.531059e+00	4.091926e-01	4.091926e-01
1.890000e-01	2.190000e-01	5.249343e-01	2.143036e-01	2.143036e-01
2.190000e-01	2.580000e-01	7.402921e-01	2.232065e-01	2.232065e-01
2.580000e-01	3.120000e-01	2.916302e-01	1.190575e-01	1.190575e-01
3.120000e-01	3.910000e-01	1.661185e-01	7.429044e-02	7.429044e-02
3.910000e-01	5.240000e-01	1.381406e-01	5.221225e-02	5.221225e-02
5.240000e-01	6.950000e-01	9.209374e-02	4.341341e-02	4.341341e-02
6.950000e-01	9.180000e-01	3.530949e-02	2.038594e-02	2.038594e-02
9.180000e-01	1.153000e+00	3.350645e-02	1.934496e-02	1.934496e-02
1.153000e+00	1.496000e+00	7.652105e-03	7.652105e-03	7.652105e-03
1.496000e+00	1.947000e+00	1.163934e-02	8.230260e-03	8.230260e-03
1.947000e+00	2.522000e+00	4.564647e-03	4.564647e-03	4.564647e-03
2.522000e+00	3.277000e+00	0.000000e+00	0.000000e+00	0.000000e+00
3.277000e+00	5.000000e+00	4.569945e-03	2.638459e-03	2.638459e-03
5.000000e+00	1.000000e+01	0.000000e+00	0.000000e+00	0.000000e+00
# END HISTO1D

