# BEGIN PLOT
XTwosidedTicks=1
YTwosidedTicks=1
Title=$Z\rightarrow ee$, dressed level, $66\,\text{GeV}\leq m_{\ell\ell} < 116\,\text{GeV}$, $0.4 \leq |y_{\ell\ell}| < 0.8$
RatioPlotReference=/ATLAS_2015_I1408516/d18-x01-y01
RatioPlot=1
LogX=1
LogY=1
LegendXPos=0.05
XLabel=$p_\text{T}^{\ell\ell}$ [GeV]
YLabel=$1/\sigma$ $\text{d}\sigma/\text{d} p_\text{T}^{\ell\ell}$
XMin=0.9
DrawOnly=/ATLAS_2015_I1408516/d18-x01-y01 //afs/desy.de/user/m/mendizam/ATLAS/POWHEG/YODA_files/hdamp1-pTmin49-0.yoda/ATLAS_2015_I1408516/d18-x01-y01 //afs/desy.de/user/m/mendizam/ATLAS/POWHEG/YODA_files/hdamp1_pTmin100-PSoff.yoda/ATLAS_2015_I1408516/d18-x01-y01
LegendYPos=0.3
Legend=1
LegendOnly=/ATLAS_2015_I1408516/d18-x01-y01 //afs/desy.de/user/m/mendizam/ATLAS/POWHEG/YODA_files/hdamp1-pTmin49-0.yoda/ATLAS_2015_I1408516/d18-x01-y01 //afs/desy.de/user/m/mendizam/ATLAS/POWHEG/YODA_files/hdamp1_pTmin100-PSoff.yoda/ATLAS_2015_I1408516/d18-x01-y01
# END PLOT

# BEGIN HISTO1D /ATLAS_2015_I1408516/d18-x01-y01
ConnectBins=0
ErrorBars=1
IsRef=1
Path=/ATLAS_2015_I1408516/d18-x01-y01
PolyMarker=*
Title=Data
# xlow	 xhigh	 val	 errminus	 errplus
0.000000e+00	2.000000e+00	2.601000e-02	3.575784e-04	3.575784e-04
2.000000e+00	4.000000e+00	5.469000e-02	4.092625e-04	4.092625e-04
4.000000e+00	6.000000e+00	5.582000e-02	3.206615e-04	3.206615e-04
6.000000e+00	8.000000e+00	4.875000e-02	3.270249e-04	3.270249e-04
8.000000e+00	1.000000e+01	4.085000e-02	2.740301e-04	2.740301e-04
1.000000e+01	1.300000e+01	3.303000e-02	1.778720e-04	1.778720e-04
1.300000e+01	1.600000e+01	2.548000e-02	1.372140e-04	1.372140e-04
1.600000e+01	2.000000e+01	1.933000e-02	1.040952e-04	1.040952e-04
2.000000e+01	2.500000e+01	1.380000e-02	7.431527e-05	7.431527e-05
2.500000e+01	3.000000e+01	9.832000e-03	6.060852e-05	6.060852e-05
3.000000e+01	3.700000e+01	6.765000e-03	3.643064e-05	3.643064e-05
3.700000e+01	4.500000e+01	4.625000e-03	3.398667e-05	3.398667e-05
4.500000e+01	5.500000e+01	2.993000e-03	2.643346e-05	2.643346e-05
5.500000e+01	6.500000e+01	1.915000e-03	2.257752e-05	2.257752e-05
6.500000e+01	7.500000e+01	1.282000e-03	1.719983e-05	1.719983e-05
7.500000e+01	8.500000e+01	8.543000e-04	1.315178e-05	1.315178e-05
8.500000e+01	1.050000e+02	4.796000e-04	6.610830e-06	6.610830e-06
1.050000e+02	1.500000e+02	1.855000e-04	2.556941e-06	2.556941e-06
1.500000e+02	2.000000e+02	5.087000e-05	1.041283e-06	1.041283e-06
2.000000e+02	9.000000e+02	2.117000e-06	5.700197e-08	5.700197e-08
# END HISTO1D


# BEGIN HISTO1D //afs/desy.de/user/m/mendizam/ATLAS/POWHEG/YODA_files/hdamp1-pTmin49-0.yoda/ATLAS_2015_I1408516/d18-x01-y01
LineColor=red
LineStyle=solid
Path=//afs/desy.de/user/m/mendizam/ATLAS/POWHEG/YODA_files/hdamp1-pTmin49-0.yoda/ATLAS_2015_I1408516/d18-x01-y01
ScaledBy=8.13605230063094292e-09
Title=POWHEG (hdamp1 pT49)
XLabel=~
YLabel=~
# xlow	 xhigh	 val	 errminus	 errplus
0.000000e+00	2.000000e+00	1.753632e-01	9.431914e-04	9.431914e-04
2.000000e+00	4.000000e+00	4.455326e-03	1.505178e-04	1.505178e-04
4.000000e+00	6.000000e+00	3.286305e-03	1.301590e-04	1.301590e-04
6.000000e+00	8.000000e+00	2.542246e-02	3.618345e-04	3.618345e-04
8.000000e+00	1.000000e+01	4.115658e-02	4.600310e-04	4.600310e-04
1.000000e+01	1.300000e+01	3.378957e-02	3.406158e-04	3.406158e-04
1.300000e+01	1.600000e+01	2.514316e-02	2.941748e-04	2.941748e-04
1.600000e+01	2.000000e+01	1.822519e-02	2.170073e-04	2.170073e-04
2.000000e+01	2.500000e+01	1.300072e-02	1.639285e-04	1.639285e-04
2.500000e+01	3.000000e+01	9.145460e-03	1.373960e-04	1.373960e-04
3.000000e+01	3.700000e+01	5.997776e-03	9.417578e-05	9.417578e-05
3.700000e+01	4.500000e+01	3.622461e-03	6.838029e-05	6.838029e-05
4.500000e+01	5.500000e+01	2.399253e-03	4.969873e-05	4.969873e-05
5.500000e+01	6.500000e+01	1.538292e-03	3.974734e-05	3.974734e-05
6.500000e+01	7.500000e+01	9.201654e-04	3.087959e-05	3.087959e-05
7.500000e+01	8.500000e+01	5.900297e-04	2.449738e-05	2.449738e-05
8.500000e+01	1.050000e+02	3.497030e-04	1.334063e-05	1.334063e-05
1.050000e+02	1.500000e+02	1.155085e-04	5.133599e-06	5.133599e-06
1.500000e+02	2.000000e+02	2.930080e-05	2.424951e-06	2.424951e-06
2.000000e+02	9.000000e+02	1.576853e-06	1.503470e-07	1.503470e-07
# END HISTO1D


# BEGIN HISTO1D //afs/desy.de/user/m/mendizam/ATLAS/POWHEG/YODA_files/hdamp1_pTmin100-PSoff.yoda/ATLAS_2015_I1408516/d18-x01-y01
LineColor=blue
LineStyle=solid
Path=//afs/desy.de/user/m/mendizam/ATLAS/POWHEG/YODA_files/hdamp1_pTmin100-PSoff.yoda/ATLAS_2015_I1408516/d18-x01-y01
ScaledBy=8.09567789353962518e-09
Title=POWHEG (hdamp1 pT100)
XLabel=~
YLabel=~
# xlow	 xhigh	 val	 errminus	 errplus
0.000000e+00	2.000000e+00	2.379959e-01	1.098365e-03	1.098365e-03
2.000000e+00	4.000000e+00	5.895980e-03	1.724354e-04	1.724354e-04
4.000000e+00	6.000000e+00	3.324913e-03	1.294168e-04	1.294168e-04
6.000000e+00	8.000000e+00	2.645951e-03	1.160120e-04	1.160120e-04
8.000000e+00	1.000000e+01	2.790730e-03	1.207491e-04	1.207491e-04
1.000000e+01	1.300000e+01	3.239377e-02	3.327742e-04	3.327742e-04
1.300000e+01	1.600000e+01	2.455909e-02	2.898629e-04	2.898629e-04
1.600000e+01	2.000000e+01	1.860404e-02	2.187116e-04	2.187116e-04
2.000000e+01	2.500000e+01	1.281439e-02	1.626621e-04	1.626621e-04
2.500000e+01	3.000000e+01	8.896388e-03	1.357776e-04	1.357776e-04
3.000000e+01	3.700000e+01	5.839637e-03	9.270431e-05	9.270431e-05
3.700000e+01	4.500000e+01	3.830390e-03	7.032633e-05	7.032633e-05
4.500000e+01	5.500000e+01	2.350404e-03	4.893533e-05	4.893533e-05
5.500000e+01	6.500000e+01	1.459767e-03	3.874793e-05	3.874793e-05
6.500000e+01	7.500000e+01	9.904846e-04	3.170052e-05	3.170052e-05
7.500000e+01	8.500000e+01	6.080697e-04	2.464023e-05	2.464023e-05
8.500000e+01	1.050000e+02	3.464699e-04	1.326503e-05	1.326503e-05
1.050000e+02	1.500000e+02	1.233668e-04	5.260072e-06	5.260072e-06
1.500000e+02	2.000000e+02	3.195112e-05	2.525957e-06	2.525957e-06
2.000000e+02	9.000000e+02	1.683139e-06	1.549455e-07	1.549455e-07
# END HISTO1D

