# BEGIN PLOT
XTwosidedTicks=1
YTwosidedTicks=1
Title=$Z\rightarrow ee$, dressed level, $46\,\text{GeV}\leq m_{\ell\ell} < 66\,\text{GeV}$, $|y_{\ell\ell}| < 2.4$
RatioPlotReference=/ATLAS_2015_I1408516/d26-x01-y01
RatioPlot=1
LogX=1
LogY=1
LegendXPos=0.05
XLabel=$p_\text{T}^{\ell\ell}$ [GeV]
YLabel=$1/\sigma$ $\text{d}\sigma/\text{d} p_\text{T}^{\ell\ell}$
XMin=0.9
DrawOnly=/ATLAS_2015_I1408516/d26-x01-y01 //afs/desy.de/user/m/mendizam/ATLAS/POWHEG/YODA_files/hdamp1-pTmin49-0.yoda/ATLAS_2015_I1408516/d26-x01-y01 //afs/desy.de/user/m/mendizam/ATLAS/POWHEG/YODA_files/hdamp1_pTmin100-PSoff.yoda/ATLAS_2015_I1408516/d26-x01-y01
LegendYPos=0.3
Legend=1
LegendOnly=/ATLAS_2015_I1408516/d26-x01-y01 //afs/desy.de/user/m/mendizam/ATLAS/POWHEG/YODA_files/hdamp1-pTmin49-0.yoda/ATLAS_2015_I1408516/d26-x01-y01 //afs/desy.de/user/m/mendizam/ATLAS/POWHEG/YODA_files/hdamp1_pTmin100-PSoff.yoda/ATLAS_2015_I1408516/d26-x01-y01
# END PLOT

# BEGIN HISTO1D /ATLAS_2015_I1408516/d26-x01-y01
ConnectBins=0
ErrorBars=1
IsRef=1
Path=/ATLAS_2015_I1408516/d26-x01-y01
PolyMarker=*
Title=Data
# xlow	 xhigh	 val	 errminus	 errplus
0.000000e+00	2.000000e+00	3.886000e-02	1.851466e-03	1.851466e-03
2.000000e+00	4.000000e+00	7.415000e-02	1.271408e-03	1.271408e-03
4.000000e+00	6.000000e+00	6.674000e-02	1.046776e-03	1.046776e-03
6.000000e+00	8.000000e+00	5.417000e-02	8.161533e-04	8.161533e-04
8.000000e+00	1.000000e+01	4.119000e-02	7.310500e-04	7.310500e-04
1.000000e+01	1.300000e+01	3.160000e-02	5.766459e-04	5.766459e-04
1.300000e+01	1.600000e+01	2.289000e-02	4.685466e-04	4.685466e-04
1.600000e+01	2.000000e+01	1.705000e-02	3.248461e-04	3.248461e-04
2.000000e+01	2.500000e+01	1.254000e-02	2.218552e-04	2.218552e-04
2.500000e+01	3.000000e+01	7.907000e-03	1.766290e-04	1.766290e-04
3.000000e+01	3.700000e+01	4.606000e-03	1.168872e-04	1.168872e-04
3.700000e+01	4.500000e+01	2.797000e-03	8.580000e-05	8.580000e-05
4.500000e+01	5.500000e+01	1.915000e-03	6.264129e-05	6.264129e-05
5.500000e+01	6.500000e+01	1.213000e-03	5.018948e-05	5.018948e-05
6.500000e+01	7.500000e+01	8.436000e-04	4.249099e-05	4.249099e-05
7.500000e+01	8.500000e+01	6.112000e-04	3.547067e-05	3.547067e-05
8.500000e+01	1.050000e+02	3.534000e-04	1.829848e-05	1.829848e-05
1.050000e+02	1.500000e+02	1.279000e-04	7.283565e-06	7.283565e-06
1.500000e+02	2.000000e+02	3.507000e-05	2.559870e-06	2.559870e-06
2.000000e+02	9.000000e+02	1.279000e-06	1.263170e-07	1.263170e-07
# END HISTO1D


# BEGIN HISTO1D //afs/desy.de/user/m/mendizam/ATLAS/POWHEG/YODA_files/hdamp1-pTmin49-0.yoda/ATLAS_2015_I1408516/d26-x01-y01
LineColor=red
LineStyle=solid
Path=//afs/desy.de/user/m/mendizam/ATLAS/POWHEG/YODA_files/hdamp1-pTmin49-0.yoda/ATLAS_2015_I1408516/d26-x01-y01
ScaledBy=1.48635458858555746e-07
Title=POWHEG (hdamp1 pT49)
XLabel=~
YLabel=~
# xlow	 xhigh	 val	 errminus	 errplus
0.000000e+00	2.000000e+00	1.657195e-01	3.933871e-03	3.933871e-03
2.000000e+00	4.000000e+00	7.149405e-03	8.198233e-04	8.198233e-04
4.000000e+00	6.000000e+00	7.241065e-03	8.450544e-04	8.450544e-04
6.000000e+00	8.000000e+00	2.804766e-02	1.619021e-03	1.619021e-03
8.000000e+00	1.000000e+01	3.758020e-02	1.900682e-03	1.900682e-03
1.000000e+01	1.300000e+01	3.220287e-02	1.426534e-03	1.426534e-03
1.300000e+01	1.600000e+01	2.554232e-02	1.284681e-03	1.284681e-03
1.600000e+01	2.000000e+01	2.144821e-02	1.016548e-03	1.016548e-03
2.000000e+01	2.500000e+01	1.880843e-02	8.448557e-04	8.448557e-04
2.500000e+01	3.000000e+01	1.132906e-02	6.589258e-04	6.589258e-04
3.000000e+01	3.700000e+01	5.447166e-03	3.813073e-04	3.813073e-04
3.700000e+01	4.500000e+01	2.360220e-03	2.348064e-04	2.348064e-04
4.500000e+01	5.500000e+01	1.283226e-03	1.533749e-04	1.533749e-04
5.500000e+01	6.500000e+01	1.063245e-03	1.396109e-04	1.396109e-04
6.500000e+01	7.500000e+01	5.316224e-04	9.871980e-05	9.871980e-05
7.500000e+01	8.500000e+01	3.666361e-04	8.598379e-05	8.598379e-05
8.500000e+01	1.050000e+02	1.833180e-04	4.099116e-05	4.099116e-05
1.050000e+02	1.500000e+02	1.018434e-04	2.036867e-05	2.036867e-05
1.500000e+02	2.000000e+02	1.833181e-05	8.198232e-06	8.198232e-06
2.000000e+02	9.000000e+02	2.618830e-07	2.618829e-07	2.618829e-07
# END HISTO1D


# BEGIN HISTO1D //afs/desy.de/user/m/mendizam/ATLAS/POWHEG/YODA_files/hdamp1_pTmin100-PSoff.yoda/ATLAS_2015_I1408516/d26-x01-y01
LineColor=blue
LineStyle=solid
Path=//afs/desy.de/user/m/mendizam/ATLAS/POWHEG/YODA_files/hdamp1_pTmin100-PSoff.yoda/ATLAS_2015_I1408516/d26-x01-y01
ScaledBy=1.45907221175710359e-07
Title=POWHEG (hdamp1 pT100)
XLabel=~
YLabel=~
# xlow	 xhigh	 val	 errminus	 errplus
0.000000e+00	2.000000e+00	2.138744e-01	4.441783e-03	4.441783e-03
2.000000e+00	4.000000e+00	9.717475e-03	9.350643e-04	9.350643e-04
4.000000e+00	6.000000e+00	8.367825e-03	8.769835e-04	8.769835e-04
6.000000e+00	8.000000e+00	8.277850e-03	8.907230e-04	8.907230e-04
8.000000e+00	1.000000e+01	7.827965e-03	8.583221e-04	8.583221e-04
1.000000e+01	1.300000e+01	3.173175e-02	1.397778e-03	1.397778e-03
1.300000e+01	1.600000e+01	2.399376e-02	1.229315e-03	1.229315e-03
1.600000e+01	2.000000e+01	2.280907e-02	1.034731e-03	1.034731e-03
2.000000e+01	2.500000e+01	2.170236e-02	8.925389e-04	8.925389e-04
2.500000e+01	3.000000e+01	8.673744e-03	5.679227e-04	5.679227e-04
3.000000e+01	3.700000e+01	4.704491e-03	3.589871e-04	3.589871e-04
3.700000e+01	4.500000e+01	2.609321e-03	2.443490e-04	2.443490e-04
4.500000e+01	5.500000e+01	1.421630e-03	1.619579e-04	1.619579e-04
5.500000e+01	6.500000e+01	9.177614e-04	1.285123e-04	1.285123e-04
6.500000e+01	7.500000e+01	4.138924e-04	8.997661e-05	8.997661e-05
7.500000e+01	8.500000e+01	3.059205e-04	7.419661e-05	7.419661e-05
8.500000e+01	1.050000e+02	1.889509e-04	4.123246e-05	4.123246e-05
1.050000e+02	1.500000e+02	8.397816e-05	1.832554e-05	1.832554e-05
1.500000e+02	2.000000e+02	1.439626e-05	7.198128e-06	7.198128e-06
2.000000e+02	9.000000e+02	1.285380e-06	5.748395e-07	5.748395e-07
# END HISTO1D

