# BEGIN PLOT
XTwosidedTicks=1
YTwosidedTicks=1
Title=$Z\rightarrow ee$, dressed level, $46\,\text{GeV}\leq m_{\ell\ell} < 66\,\text{GeV}$, $0.8\leq |y_{\ell\ell}| < 1.6$
RatioPlotReference=/ATLAS_2015_I1408516/d03-x01-y01
RatioPlot=1
LogX=1
LogY=1
LegendXPos=0.05
XLabel=$\phi^\ast_\eta$
YLabel=$1/\sigma$ $\text{d}\sigma/\text{d}\phi^\ast_\eta$
XMin=0.001
DrawOnly=/ATLAS_2015_I1408516/d03-x01-y01 //afs/desy.de/user/m/mendizam/ATLAS/POWHEG/YODA_files/hdamp1_pTmin100-PSoff.yoda/ATLAS_2015_I1408516/d03-x01-y01 //afs/desy.de/user/m/mendizam/ATLAS/cascade2/YODA_files/hdamp1_pTmin100.yoda/ATLAS_2015_I1408516/d03-x01-y01
LegendYPos=0.3
Legend=1
LegendOnly=/ATLAS_2015_I1408516/d03-x01-y01 //afs/desy.de/user/m/mendizam/ATLAS/POWHEG/YODA_files/hdamp1_pTmin100-PSoff.yoda/ATLAS_2015_I1408516/d03-x01-y01 //afs/desy.de/user/m/mendizam/ATLAS/cascade2/YODA_files/hdamp1_pTmin100.yoda/ATLAS_2015_I1408516/d03-x01-y01
# END PLOT

# BEGIN HISTO1D /ATLAS_2015_I1408516/d03-x01-y01
ConnectBins=0
ErrorBars=1
IsRef=1
Path=/ATLAS_2015_I1408516/d03-x01-y01
PolyMarker=*
Title=Data
# xlow	 xhigh	 val	 errminus	 errplus
0.000000e+00	4.000000e-03	7.182000e+00	4.344368e-01	4.344368e-01
4.000000e-03	8.000000e-03	7.048000e+00	2.657760e-01	2.657760e-01
8.000000e-03	1.200000e-02	6.842000e+00	2.254748e-01	2.254748e-01
1.200000e-02	1.600000e-02	6.408000e+00	1.996789e-01	1.996789e-01
1.600000e-02	2.000000e-02	6.302000e+00	2.038188e-01	2.038188e-01
2.000000e-02	2.400000e-02	6.328000e+00	1.971860e-01	1.971860e-01
2.400000e-02	2.900000e-02	6.279000e+00	1.705763e-01	1.705763e-01
2.900000e-02	3.400000e-02	6.047000e+00	1.644962e-01	1.644962e-01
3.400000e-02	3.900000e-02	5.803000e+00	1.758223e-01	1.758223e-01
3.900000e-02	4.500000e-02	5.295000e+00	1.393903e-01	1.393903e-01
4.500000e-02	5.100000e-02	5.149000e+00	1.416677e-01	1.416677e-01
5.100000e-02	5.700000e-02	4.906000e+00	1.364891e-01	1.364891e-01
5.700000e-02	6.400000e-02	4.396000e+00	1.168046e-01	1.168046e-01
6.400000e-02	7.200000e-02	4.289000e+00	1.142839e-01	1.142839e-01
7.200000e-02	8.100000e-02	3.884000e+00	1.008345e-01	1.008345e-01
8.100000e-02	9.100000e-02	3.645000e+00	9.141613e-02	9.141613e-02
9.100000e-02	1.020000e-01	3.172000e+00	8.142840e-02	8.142840e-02
1.020000e-01	1.140000e-01	2.869000e+00	7.365009e-02	7.365009e-02
1.140000e-01	1.280000e-01	2.520000e+00	6.633873e-02	6.633873e-02
1.280000e-01	1.450000e-01	2.092000e+00	5.246709e-02	5.246709e-02
1.450000e-01	1.650000e-01	1.806000e+00	4.688649e-02	4.688649e-02
1.650000e-01	1.890000e-01	1.462000e+00	3.753100e-02	3.753100e-02
1.890000e-01	2.190000e-01	1.216000e+00	3.109728e-02	3.109728e-02
2.190000e-01	2.580000e-01	9.890000e-01	2.446651e-02	2.446651e-02
2.580000e-01	3.120000e-01	7.380000e-01	1.812237e-02	1.812237e-02
3.120000e-01	3.910000e-01	5.540000e-01	1.385000e-02	1.385000e-02
3.910000e-01	5.240000e-01	3.250000e-01	8.437491e-03	8.437491e-03
5.240000e-01	6.950000e-01	1.970000e-01	6.551546e-03	6.551546e-03
6.950000e-01	9.180000e-01	1.020000e-01	3.984533e-03	3.984533e-03
9.180000e-01	1.153000e+00	6.050000e-02	2.899585e-03	2.899585e-03
1.153000e+00	1.496000e+00	3.520000e-02	2.110826e-03	2.110826e-03
1.496000e+00	1.947000e+00	1.740000e-02	1.250139e-03	1.250139e-03
1.947000e+00	2.522000e+00	9.500000e-03	7.753420e-04	7.753420e-04
2.522000e+00	3.277000e+00	5.670000e-03	7.519968e-04	7.519968e-04
3.277000e+00	5.000000e+00	2.080000e-03	1.977094e-04	1.977094e-04
5.000000e+00	1.000000e+01	6.030000e-04	5.804482e-05	5.804482e-05
# END HISTO1D


# BEGIN HISTO1D //afs/desy.de/user/m/mendizam/ATLAS/POWHEG/YODA_files/hdamp1_pTmin100-PSoff.yoda/ATLAS_2015_I1408516/d03-x01-y01
LineColor=red
LineStyle=solid
Path=//afs/desy.de/user/m/mendizam/ATLAS/POWHEG/YODA_files/hdamp1_pTmin100-PSoff.yoda/ATLAS_2015_I1408516/d03-x01-y01
ScaledBy=3.59878574377881759e-07
Title=POWHEG (hdamp1 pT10)
XLabel=~
YLabel=~
# xlow	 xhigh	 val	 errminus	 errplus
0.000000e+00	4.000000e-03	1.051931e+02	3.445223e+00	3.445223e+00
4.000000e-03	8.000000e-03	6.324900e+00	8.523240e-01	8.523240e-01
8.000000e-03	1.200000e-02	3.217932e+00	5.975549e-01	5.975549e-01
1.200000e-02	1.600000e-02	2.663115e+00	5.436062e-01	5.436062e-01
1.600000e-02	2.000000e-02	1.220595e+00	4.000834e-01	4.000834e-01
2.000000e-02	2.400000e-02	2.219263e+00	5.204634e-01	5.204634e-01
2.400000e-02	2.900000e-02	2.219264e+00	4.438526e-01	4.438526e-01
2.900000e-02	3.400000e-02	2.041722e+00	4.257285e-01	4.257285e-01
3.400000e-02	3.900000e-02	1.775411e+00	3.969939e-01	3.969939e-01
3.900000e-02	4.500000e-02	1.775410e+00	3.772022e-01	3.772022e-01
4.500000e-02	5.100000e-02	1.849387e+00	3.698772e-01	3.698772e-01
5.100000e-02	5.700000e-02	1.775410e+00	3.624042e-01	3.624042e-01
5.700000e-02	6.400000e-02	2.092449e+00	3.642485e-01	3.642485e-01
6.400000e-02	7.200000e-02	1.553484e+00	3.038851e-01	3.038851e-01
7.200000e-02	8.100000e-02	1.676777e+00	2.875648e-01	2.875648e-01
8.100000e-02	9.100000e-02	1.331558e+00	2.431081e-01	2.431081e-01
9.100000e-02	1.020000e-01	1.735060e+00	2.706776e-01	2.706776e-01
1.020000e-01	1.140000e-01	9.246933e-01	1.849386e-01	1.849386e-01
1.140000e-01	1.280000e-01	1.141336e+00	1.902226e-01	1.902226e-01
1.280000e-01	1.450000e-01	1.409885e+00	1.918610e-01	1.918610e-01
1.450000e-01	1.650000e-01	1.353750e+00	1.761486e-01	1.761486e-01
1.650000e-01	1.890000e-01	1.701435e+00	1.793046e-01	1.793046e-01
1.890000e-01	2.190000e-01	1.272378e+00	1.403585e-01	1.403585e-01
2.190000e-01	2.580000e-01	8.877054e-01	1.055415e-01	1.055415e-01
2.580000e-01	3.120000e-01	7.726324e-01	8.136884e-02	8.136884e-02
3.120000e-01	3.910000e-01	4.719446e-01	5.330071e-02	5.330071e-02
3.910000e-01	5.240000e-01	3.270493e-01	3.337238e-02	3.337238e-02
5.240000e-01	6.950000e-01	1.557378e-01	2.076504e-02	2.076504e-02
6.950000e-01	9.180000e-01	4.776888e-02	9.750785e-03	9.750785e-03
9.180000e-01	1.153000e+00	4.344089e-02	9.058053e-03	9.058053e-03
1.153000e+00	1.496000e+00	1.811643e-02	4.841820e-03	4.841820e-03
1.496000e+00	1.947000e+00	9.841521e-04	9.841523e-04	9.841523e-04
1.947000e+00	2.522000e+00	6.175341e-03	2.183313e-03	2.183313e-03
2.522000e+00	3.277000e+00	1.763653e-03	1.018245e-03	1.018245e-03
3.277000e+00	5.000000e+00	1.803232e-03	6.815575e-04	6.815575e-04
5.000000e+00	1.000000e+01	4.438526e-04	1.984969e-04	1.984969e-04
# END HISTO1D


# BEGIN HISTO1D //afs/desy.de/user/m/mendizam/ATLAS/cascade2/YODA_files/hdamp1_pTmin100.yoda/ATLAS_2015_I1408516/d03-x01-y01
LineColor=blue
LineStyle=solid
Path=//afs/desy.de/user/m/mendizam/ATLAS/cascade2/YODA_files/hdamp1_pTmin100.yoda/ATLAS_2015_I1408516/d03-x01-y01
ScaledBy=6.23326032177847844e-04
Title=POWHEG cascade (hdamp1 pT10)
XLabel=~
YLabel=~
# xlow	 xhigh	 val	 errminus	 errplus
0.000000e+00	4.000000e-03	8.697027e+00	1.193838e+00	1.193838e+00
4.000000e-03	8.000000e-03	8.380772e+00	1.151187e+00	1.151187e+00
8.000000e-03	1.200000e-02	9.329538e+00	1.214602e+00	1.214602e+00
1.200000e-02	1.600000e-02	9.329538e+00	1.235017e+00	1.235017e+00
1.600000e-02	2.000000e-02	7.590133e+00	1.118132e+00	1.118132e+00
2.000000e-02	2.400000e-02	8.855155e+00	1.224853e+00	1.224853e+00
2.400000e-02	2.900000e-02	8.222644e+00	1.019894e+00	1.019894e+00
2.900000e-02	3.400000e-02	8.349146e+00	1.027709e+00	1.027709e+00
3.400000e-02	3.900000e-02	7.463630e+00	9.716818e-01	9.716818e-01
3.900000e-02	4.500000e-02	6.325110e+00	8.165684e-01	8.165684e-01
4.500000e-02	5.100000e-02	6.430530e+00	8.233450e-01	8.233450e-01
5.100000e-02	5.700000e-02	4.849252e+00	7.303608e-01	7.303608e-01
5.700000e-02	6.400000e-02	4.698654e+00	6.515860e-01	6.515860e-01
6.400000e-02	7.200000e-02	4.743833e+00	6.124263e-01	6.124263e-01
7.200000e-02	8.100000e-02	4.216740e+00	5.533775e-01	5.533775e-01
8.100000e-02	9.100000e-02	4.364326e+00	5.254032e-01	5.254032e-01
9.100000e-02	1.020000e-01	3.795066e+00	4.810880e-01	4.810880e-01
1.020000e-01	1.140000e-01	2.477335e+00	3.689648e-01	3.689648e-01
1.140000e-01	1.280000e-01	1.671636e+00	2.821450e-01	2.821450e-01
1.280000e-01	1.450000e-01	1.823120e+00	2.657078e-01	2.657078e-01
1.450000e-01	1.650000e-01	2.087286e+00	2.569272e-01	2.569272e-01
1.650000e-01	1.890000e-01	1.317731e+00	1.900459e-01	1.900459e-01
1.890000e-01	2.190000e-01	9.487667e-01	1.445426e-01	1.445426e-01
2.190000e-01	2.580000e-01	8.109115e-01	1.191792e-01	1.191792e-01
2.580000e-01	3.120000e-01	6.207980e-01	8.527314e-02	8.527314e-02
3.120000e-01	3.910000e-01	3.202587e-01	5.188785e-02	5.188785e-02
3.910000e-01	5.240000e-01	2.758319e-01	3.744660e-02	3.744660e-02
5.240000e-01	6.950000e-01	1.072680e-01	1.991916e-02	1.991916e-02
6.950000e-01	9.180000e-01	5.389108e-02	1.236346e-02	1.236346e-02
9.180000e-01	1.153000e+00	4.575613e-02	1.109749e-02	1.109749e-02
1.153000e+00	1.496000e+00	1.106433e-02	4.516996e-03	4.516996e-03
1.496000e+00	1.947000e+00	2.804927e-03	1.983383e-03	1.983383e-03
1.947000e+00	2.522000e+00	6.600115e-03	2.694486e-03	2.694486e-03
2.522000e+00	3.277000e+00	2.513289e-03	1.451048e-03	1.451048e-03
3.277000e+00	5.000000e+00	1.468395e-03	7.341974e-04	7.341974e-04
5.000000e+00	1.000000e+01	6.325110e-04	2.828675e-04	2.828675e-04
# END HISTO1D

