# BEGIN PLOT
XTwosidedTicks=1
YTwosidedTicks=1
Title=$Z\rightarrow ee$, dressed level, $66\,\text{GeV}\leq m_{\ell\ell} < 116\,\text{GeV}$, $0.8\leq |y_{\ell\ell}| < 1.2$
RatioPlotReference=/ATLAS_2015_I1408516/d07-x01-y01
RatioPlot=1
LogX=1
LogY=1
LegendXPos=0.05
XLabel=$\phi^\ast_\eta$
YLabel=$1/\sigma$ $\text{d}\sigma/\text{d}\phi^\ast_\eta$
XMin=0.001
DrawOnly=/ATLAS_2015_I1408516/d07-x01-y01 //afs/desy.de/user/m/mendizam/ATLAS/POWHEG/YODA_files/hdamp1_pTmin100-PSoff.yoda/ATLAS_2015_I1408516/d07-x01-y01 //afs/desy.de/user/m/mendizam/ATLAS/cascade2/YODA_files/hdamp1_pTmin100.yoda/ATLAS_2015_I1408516/d07-x01-y01
LegendYPos=0.3
Legend=1
LegendOnly=/ATLAS_2015_I1408516/d07-x01-y01 //afs/desy.de/user/m/mendizam/ATLAS/POWHEG/YODA_files/hdamp1_pTmin100-PSoff.yoda/ATLAS_2015_I1408516/d07-x01-y01 //afs/desy.de/user/m/mendizam/ATLAS/cascade2/YODA_files/hdamp1_pTmin100.yoda/ATLAS_2015_I1408516/d07-x01-y01
# END PLOT

# BEGIN HISTO1D /ATLAS_2015_I1408516/d07-x01-y01
ConnectBins=0
ErrorBars=1
IsRef=1
Path=/ATLAS_2015_I1408516/d07-x01-y01
PolyMarker=*
Title=Data
# xlow	 xhigh	 val	 errminus	 errplus
0.000000e+00	4.000000e-03	9.387000e+00	4.301664e-02	4.301664e-02
4.000000e-03	8.000000e-03	9.268000e+00	3.932079e-02	3.932079e-02
8.000000e-03	1.200000e-02	9.252000e+00	3.925291e-02	3.925291e-02
1.200000e-02	1.600000e-02	8.913000e+00	4.881851e-02	4.881851e-02
1.600000e-02	2.000000e-02	8.699000e+00	4.764639e-02	4.764639e-02
2.000000e-02	2.400000e-02	8.264000e+00	4.294100e-02	4.294100e-02
2.400000e-02	2.900000e-02	7.876000e+00	3.341504e-02	3.341504e-02
2.900000e-02	3.400000e-02	7.364000e+00	3.374609e-02	3.374609e-02
3.400000e-02	3.900000e-02	6.923000e+00	3.791883e-02	3.791883e-02
3.900000e-02	4.500000e-02	6.430000e+00	2.728018e-02	2.728018e-02
4.500000e-02	5.100000e-02	5.921000e+00	3.076642e-02	3.076642e-02
5.100000e-02	5.700000e-02	5.410000e+00	2.811118e-02	2.811118e-02
5.700000e-02	6.400000e-02	5.012000e+00	2.604312e-02	2.604312e-02
6.400000e-02	7.200000e-02	4.492000e+00	2.334112e-02	2.334112e-02
7.200000e-02	8.100000e-02	4.019000e+00	2.088334e-02	2.088334e-02
8.100000e-02	9.100000e-02	3.589000e+00	1.864899e-02	1.864899e-02
9.100000e-02	1.020000e-01	3.141000e+00	1.632111e-02	1.632111e-02
1.020000e-01	1.140000e-01	2.755000e+00	1.431540e-02	1.431540e-02
1.140000e-01	1.280000e-01	2.394000e+00	1.243959e-02	1.243959e-02
1.280000e-01	1.450000e-01	2.029000e+00	1.054299e-02	1.054299e-02
1.450000e-01	1.650000e-01	1.695000e+00	8.807478e-03	8.807478e-03
1.650000e-01	1.890000e-01	1.378000e+00	7.160298e-03	7.160298e-03
1.890000e-01	2.190000e-01	1.106000e+00	5.746945e-03	5.746945e-03
2.190000e-01	2.580000e-01	8.450000e-01	4.390749e-03	4.390749e-03
2.580000e-01	3.120000e-01	6.140000e-01	3.363017e-03	3.363017e-03
3.120000e-01	3.910000e-01	4.090000e-01	2.419677e-03	2.419677e-03
3.910000e-01	5.240000e-01	2.380000e-01	1.408027e-03	1.408027e-03
5.240000e-01	6.950000e-01	1.220000e-01	8.965132e-04	8.965132e-04
6.950000e-01	9.180000e-01	6.240000e-02	5.107660e-04	5.107660e-04
9.180000e-01	1.153000e+00	3.210000e-02	3.486953e-04	3.486953e-04
1.153000e+00	1.496000e+00	1.650000e-02	1.993703e-04	1.993703e-04
1.496000e+00	1.947000e+00	8.010000e-03	1.209483e-04	1.209483e-04
1.947000e+00	2.522000e+00	4.120000e-03	7.381587e-05	7.381587e-05
2.522000e+00	3.277000e+00	2.100000e-03	4.653289e-05	4.653289e-05
3.277000e+00	5.000000e+00	9.420000e-04	2.168647e-05	2.168647e-05
5.000000e+00	1.000000e+01	2.820000e-04	6.849756e-06	6.849756e-06
# END HISTO1D


# BEGIN HISTO1D //afs/desy.de/user/m/mendizam/ATLAS/POWHEG/YODA_files/hdamp1_pTmin100-PSoff.yoda/ATLAS_2015_I1408516/d07-x01-y01
LineColor=red
LineStyle=solid
Path=//afs/desy.de/user/m/mendizam/ATLAS/POWHEG/YODA_files/hdamp1_pTmin100-PSoff.yoda/ATLAS_2015_I1408516/d07-x01-y01
ScaledBy=8.41460846717623138e-09
Title=POWHEG (hdamp1 pT10)
XLabel=~
YLabel=~
# xlow	 xhigh	 val	 errminus	 errplus
0.000000e+00	4.000000e-03	1.183853e+02	5.576524e-01	5.576524e-01
4.000000e-03	8.000000e-03	4.810237e+00	1.124358e-01	1.124358e-01
8.000000e-03	1.200000e-02	3.157530e+00	9.154644e-02	9.154644e-02
1.200000e-02	1.600000e-02	2.433658e+00	8.047189e-02	8.047189e-02
1.600000e-02	2.000000e-02	2.047075e+00	7.352153e-02	7.352153e-02
2.000000e-02	2.400000e-02	1.860270e+00	7.053082e-02	7.053082e-02
2.400000e-02	2.900000e-02	1.745592e+00	6.118664e-02	6.118664e-02
2.900000e-02	3.400000e-02	1.762197e+00	6.104566e-02	6.104566e-02
3.400000e-02	3.900000e-02	1.706155e+00	6.037149e-02	6.037149e-02
3.900000e-02	4.500000e-02	1.580927e+00	5.280480e-02	5.280480e-02
4.500000e-02	5.100000e-02	1.586116e+00	5.334034e-02	5.334034e-02
5.100000e-02	5.700000e-02	1.511739e+00	5.194799e-02	5.194799e-02
5.700000e-02	6.400000e-02	1.559676e+00	4.876771e-02	4.876771e-02
6.400000e-02	7.200000e-02	1.593034e+00	4.608467e-02	4.608467e-02
7.200000e-02	8.100000e-02	1.790794e+00	4.590805e-02	4.590805e-02
8.100000e-02	9.100000e-02	1.747668e+00	4.324058e-02	4.324058e-02
9.100000e-02	1.020000e-01	1.972777e+00	4.373632e-02	4.373632e-02
1.020000e-01	1.140000e-01	2.233016e+00	4.445308e-02	4.445308e-02
1.140000e-01	1.280000e-01	2.203116e+00	4.095255e-02	4.095255e-02
1.280000e-01	1.450000e-01	1.909565e+00	3.455525e-02	3.455525e-02
1.450000e-01	1.650000e-01	1.587326e+00	2.908176e-02	2.908176e-02
1.650000e-01	1.890000e-01	1.241477e+00	2.345852e-02	2.345852e-02
1.890000e-01	2.190000e-01	1.026046e+00	1.912371e-02	1.912371e-02
2.190000e-01	2.580000e-01	7.717028e-01	1.449720e-02	1.449720e-02
2.580000e-01	3.120000e-01	5.175583e-01	1.010945e-02	1.010945e-02
3.120000e-01	3.910000e-01	3.359080e-01	6.735734e-03	6.735734e-03
3.910000e-01	5.240000e-01	1.822015e-01	3.826684e-03	3.826684e-03
5.240000e-01	6.950000e-01	9.722614e-02	2.454778e-03	2.454778e-03
6.950000e-01	9.180000e-01	4.602650e-02	1.485590e-03	1.485590e-03
9.180000e-01	1.153000e+00	2.486321e-02	1.053428e-03	1.053428e-03
1.153000e+00	1.496000e+00	1.161860e-02	5.959893e-04	5.959893e-04
1.496000e+00	1.947000e+00	5.775823e-03	3.660163e-04	3.660163e-04
1.947000e+00	2.522000e+00	2.743421e-03	2.254297e-04	2.254297e-04
2.522000e+00	3.277000e+00	1.512037e-03	1.454718e-04	1.454718e-04
3.277000e+00	5.000000e+00	5.782327e-04	5.901563e-05	5.901563e-05
5.000000e+00	1.000000e+01	1.909565e-04	1.990860e-05	1.990860e-05
# END HISTO1D


# BEGIN HISTO1D //afs/desy.de/user/m/mendizam/ATLAS/cascade2/YODA_files/hdamp1_pTmin100.yoda/ATLAS_2015_I1408516/d07-x01-y01
LineColor=blue
LineStyle=solid
Path=//afs/desy.de/user/m/mendizam/ATLAS/cascade2/YODA_files/hdamp1_pTmin100.yoda/ATLAS_2015_I1408516/d07-x01-y01
ScaledBy=1.01006340003167505e-05
Title=POWHEG cascade (hdamp1 pT10)
XLabel=~
YLabel=~
# xlow	 xhigh	 val	 errminus	 errplus
0.000000e+00	4.000000e-03	1.210719e+01	1.770632e-01	1.770632e-01
4.000000e-03	8.000000e-03	1.212256e+01	1.771744e-01	1.771744e-01
8.000000e-03	1.200000e-02	1.151272e+01	1.728602e-01	1.728602e-01
1.200000e-02	1.600000e-02	1.068251e+01	1.665145e-01	1.665145e-01
1.600000e-02	2.000000e-02	9.954800e+00	1.612664e-01	1.612664e-01
2.000000e-02	2.400000e-02	9.380830e+00	1.557153e-01	1.557153e-01
2.400000e-02	2.900000e-02	8.318472e+00	1.314173e-01	1.314173e-01
2.900000e-02	3.400000e-02	7.553860e+00	1.256136e-01	1.256136e-01
3.400000e-02	3.900000e-02	6.961442e+00	1.202644e-01	1.202644e-01
3.900000e-02	4.500000e-02	6.641658e+00	1.072800e-01	1.072800e-01
4.500000e-02	5.100000e-02	5.591087e+00	9.867983e-02	9.867983e-02
5.100000e-02	5.700000e-02	5.136693e+00	9.448002e-02	9.448002e-02
5.700000e-02	6.400000e-02	4.729400e+00	8.388277e-02	8.388277e-02
6.400000e-02	7.200000e-02	4.181785e+00	7.406529e-02	7.406529e-02
7.200000e-02	8.100000e-02	3.692088e+00	6.550007e-02	6.550007e-02
8.100000e-02	9.100000e-02	3.400775e+00	5.960577e-02	5.960577e-02
9.100000e-02	1.020000e-01	2.908055e+00	5.271712e-02	5.271712e-02
1.020000e-01	1.140000e-01	2.524787e+00	4.695345e-02	4.695345e-02
1.140000e-01	1.280000e-01	2.159710e+00	4.025913e-02	4.025913e-02
1.280000e-01	1.450000e-01	1.835258e+00	3.367672e-02	3.367672e-02
1.450000e-01	1.650000e-01	1.602505e+00	2.892186e-02	2.892186e-02
1.650000e-01	1.890000e-01	1.311933e+00	2.404473e-02	2.404473e-02
1.890000e-01	2.190000e-01	1.052279e+00	1.919326e-02	1.919326e-02
2.190000e-01	2.580000e-01	8.147015e-01	1.483871e-02	1.483871e-02
2.580000e-01	3.120000e-01	5.659987e-01	1.050293e-02	1.050293e-02
3.120000e-01	3.910000e-01	3.663862e-01	6.986721e-03	6.986721e-03
3.910000e-01	5.240000e-01	1.965895e-01	3.957354e-03	3.957354e-03
5.240000e-01	6.950000e-01	1.039332e-01	2.524540e-03	2.524540e-03
6.950000e-01	9.180000e-01	4.968466e-02	1.537488e-03	1.537488e-03
9.180000e-01	1.153000e+00	2.691031e-02	1.088623e-03	1.088623e-03
1.153000e+00	1.496000e+00	1.269978e-02	6.189221e-04	6.189221e-04
1.496000e+00	1.947000e+00	6.386035e-03	3.809589e-04	3.809589e-04
1.947000e+00	2.522000e+00	3.065929e-03	2.364776e-04	2.364776e-04
2.522000e+00	3.277000e+00	1.751234e-03	1.541876e-04	1.541876e-04
3.277000e+00	5.000000e+00	6.365026e-04	6.267261e-05	6.267261e-05
5.000000e+00	1.000000e+01	2.008896e-04	2.029292e-05	2.029292e-05
# END HISTO1D

