# BEGIN PLOT
XTwosidedTicks=1
YTwosidedTicks=1
Title=$Z\rightarrow ee$, dressed level, $116\,\text{GeV}\leq m_{\ell\ell} < 150\,\text{GeV}$, $1.6\leq |y_{\ell\ell}| < 2.4$
RatioPlotReference=/ATLAS_2015_I1408516/d13-x01-y01
RatioPlot=1
LogX=1
LogY=1
LegendXPos=0.05
XLabel=$\phi^\ast_\eta$
YLabel=$1/\sigma$ $\text{d}\sigma/\text{d}\phi^\ast_\eta$
XMin=0.001
DrawOnly=/ATLAS_2015_I1408516/d13-x01-y01 //afs/desy.de/user/m/mendizam/ATLAS/POWHEG/YODA_files/hdamp1_pTmin100-PSoff.yoda/ATLAS_2015_I1408516/d13-x01-y01 //afs/desy.de/user/m/mendizam/ATLAS/cascade2/YODA_files/hdamp1_pTmin100.yoda/ATLAS_2015_I1408516/d13-x01-y01
LegendYPos=0.3
Legend=1
LegendOnly=/ATLAS_2015_I1408516/d13-x01-y01 //afs/desy.de/user/m/mendizam/ATLAS/POWHEG/YODA_files/hdamp1_pTmin100-PSoff.yoda/ATLAS_2015_I1408516/d13-x01-y01 //afs/desy.de/user/m/mendizam/ATLAS/cascade2/YODA_files/hdamp1_pTmin100.yoda/ATLAS_2015_I1408516/d13-x01-y01
# END PLOT

# BEGIN HISTO1D /ATLAS_2015_I1408516/d13-x01-y01
ConnectBins=0
ErrorBars=1
IsRef=1
Path=/ATLAS_2015_I1408516/d13-x01-y01
PolyMarker=*
Title=Data
# xlow	 xhigh	 val	 errminus	 errplus
0.000000e+00	4.000000e-03	1.189200e+01	6.601935e-01	6.601935e-01
4.000000e-03	8.000000e-03	1.164800e+01	7.139568e-01	7.139568e-01
8.000000e-03	1.200000e-02	1.145500e+01	6.088416e-01	6.088416e-01
1.200000e-02	1.600000e-02	1.117100e+01	6.074600e-01	6.074600e-01
1.600000e-02	2.000000e-02	9.714000e+00	5.861496e-01	5.861496e-01
2.000000e-02	2.400000e-02	9.337000e+00	6.076228e-01	6.076228e-01
2.400000e-02	2.900000e-02	9.075000e+00	5.342702e-01	5.342702e-01
2.900000e-02	3.400000e-02	7.757000e+00	4.665821e-01	4.665821e-01
3.400000e-02	3.900000e-02	7.263000e+00	4.515928e-01	4.515928e-01
3.900000e-02	4.500000e-02	6.336000e+00	3.816881e-01	3.816881e-01
4.500000e-02	5.100000e-02	6.574000e+00	3.934527e-01	3.934527e-01
5.100000e-02	5.700000e-02	5.317000e+00	3.433070e-01	3.433070e-01
5.700000e-02	6.400000e-02	4.755000e+00	3.090750e-01	3.090750e-01
6.400000e-02	7.200000e-02	4.983000e+00	2.991876e-01	2.991876e-01
7.200000e-02	8.100000e-02	3.911000e+00	2.533410e-01	2.533410e-01
8.100000e-02	9.100000e-02	3.070000e+00	2.120301e-01	2.120301e-01
9.100000e-02	1.020000e-01	3.005000e+00	2.394402e-01	2.394402e-01
1.020000e-01	1.140000e-01	2.530000e+00	1.755390e-01	1.755390e-01
1.140000e-01	1.280000e-01	2.350000e+00	1.581499e-01	1.581499e-01
1.280000e-01	1.450000e-01	1.975000e+00	1.230379e-01	1.230379e-01
1.450000e-01	1.650000e-01	1.409000e+00	9.608099e-02	9.608099e-02
1.650000e-01	1.890000e-01	1.252000e+00	9.614349e-02	9.614349e-02
1.890000e-01	2.190000e-01	9.700000e-01	8.799777e-02	8.799777e-02
2.190000e-01	2.580000e-01	8.560000e-01	5.917555e-02	5.917555e-02
2.580000e-01	3.120000e-01	5.380000e-01	3.772911e-02	3.772911e-02
3.120000e-01	3.910000e-01	3.560000e-01	2.752504e-02	2.752504e-02
3.910000e-01	5.240000e-01	1.940000e-01	1.631908e-02	1.631908e-02
5.240000e-01	6.950000e-01	7.870000e-02	1.118676e-02	1.118676e-02
6.950000e-01	9.180000e-01	4.650000e-02	5.862874e-03	5.862874e-03
9.180000e-01	1.153000e+00	2.280000e-02	3.976623e-03	3.976623e-03
1.153000e+00	1.496000e+00	9.700000e-03	2.050374e-03	2.050374e-03
1.496000e+00	1.947000e+00	4.960000e-03	1.201355e-03	1.201355e-03
1.947000e+00	2.522000e+00	1.550000e-03	5.501015e-04	5.501015e-04
2.522000e+00	3.277000e+00	6.780000e-04	3.120752e-04	3.120752e-04
3.277000e+00	5.000000e+00	9.360000e-05	1.454449e-04	1.454449e-04
5.000000e+00	1.000000e+01	5.400000e-05	4.329776e-05	4.329776e-05
# END HISTO1D


# BEGIN HISTO1D //afs/desy.de/user/m/mendizam/ATLAS/POWHEG/YODA_files/hdamp1_pTmin100-PSoff.yoda/ATLAS_2015_I1408516/d13-x01-y01
LineColor=red
LineStyle=solid
Path=//afs/desy.de/user/m/mendizam/ATLAS/POWHEG/YODA_files/hdamp1_pTmin100-PSoff.yoda/ATLAS_2015_I1408516/d13-x01-y01
ScaledBy=5.26497680567119232e-06
Title=POWHEG (hdamp1 pT10)
XLabel=~
YLabel=~
# xlow	 xhigh	 val	 errminus	 errplus
0.000000e+00	4.000000e-03	1.250000e+02	1.424507e+01	1.424507e+01
4.000000e-03	8.000000e-03	1.623376e+00	1.623377e+00	1.623377e+00
8.000000e-03	1.200000e-02	4.870130e+00	2.811771e+00	2.811771e+00
1.200000e-02	1.600000e-02	3.246752e+00	2.295801e+00	2.295801e+00
1.600000e-02	2.000000e-02	1.623376e+00	1.623377e+00	1.623377e+00
2.000000e-02	2.400000e-02	3.246752e+00	2.295801e+00	2.295801e+00
2.400000e-02	2.900000e-02	3.896104e+00	2.249417e+00	2.249417e+00
2.900000e-02	3.400000e-02	3.896104e+00	2.249417e+00	2.249417e+00
3.400000e-02	3.900000e-02	1.298701e+00	1.298701e+00	1.298701e+00
3.900000e-02	4.500000e-02	3.246753e+00	1.874514e+00	1.874514e+00
4.500000e-02	5.100000e-02	2.164502e+00	1.530534e+00	1.530534e+00
5.100000e-02	5.700000e-02	1.082251e+00	1.082251e+00	1.082251e+00
5.700000e-02	6.400000e-02	1.855287e+00	1.311886e+00	1.311886e+00
6.400000e-02	7.200000e-02	8.116883e-01	8.116883e-01	8.116883e-01
7.200000e-02	8.100000e-02	2.164502e+00	1.249676e+00	1.249676e+00
8.100000e-02	9.100000e-02	1.948052e+00	1.124708e+00	1.124708e+00
9.100000e-02	1.020000e-01	1.770956e+00	1.022462e+00	1.022462e+00
1.020000e-01	1.140000e-01	1.623377e+00	9.372570e-01	9.372570e-01
1.140000e-01	1.280000e-01	4.638219e-01	4.638219e-01	4.638219e-01
1.280000e-01	1.450000e-01	1.909855e+00	8.541130e-01	8.541130e-01
1.450000e-01	1.650000e-01	6.493505e-01	4.591602e-01	4.591602e-01
1.650000e-01	1.890000e-01	1.082251e+00	5.411255e-01	5.411255e-01
1.890000e-01	2.190000e-01	1.298701e+00	5.301926e-01	5.301926e-01
2.190000e-01	2.580000e-01	4.995005e-01	2.883868e-01	2.883868e-01
2.580000e-01	3.120000e-01	4.810006e-01	2.405002e-01	2.405002e-01
3.120000e-01	3.910000e-01	4.109814e-01	1.837965e-01	1.837965e-01
3.910000e-01	5.240000e-01	2.929402e-01	1.195923e-01	1.195923e-01
5.240000e-01	6.950000e-01	7.594743e-02	5.370295e-02	5.370295e-02
6.950000e-01	9.180000e-01	2.911886e-02	2.911886e-02	2.911886e-02
9.180000e-01	1.153000e+00	0.000000e+00	0.000000e+00	0.000000e+00
1.153000e+00	1.496000e+00	0.000000e+00	0.000000e+00	0.000000e+00
1.496000e+00	1.947000e+00	0.000000e+00	0.000000e+00	0.000000e+00
1.947000e+00	2.522000e+00	0.000000e+00	0.000000e+00	0.000000e+00
2.522000e+00	3.277000e+00	0.000000e+00	0.000000e+00	0.000000e+00
3.277000e+00	5.000000e+00	3.768721e-03	3.768721e-03	3.768721e-03
5.000000e+00	1.000000e+01	0.000000e+00	0.000000e+00	0.000000e+00
# END HISTO1D


# BEGIN HISTO1D //afs/desy.de/user/m/mendizam/ATLAS/cascade2/YODA_files/hdamp1_pTmin100.yoda/ATLAS_2015_I1408516/d13-x01-y01
LineColor=blue
LineStyle=solid
Path=//afs/desy.de/user/m/mendizam/ATLAS/cascade2/YODA_files/hdamp1_pTmin100.yoda/ATLAS_2015_I1408516/d13-x01-y01
ScaledBy=5.93661721007956739e-03
Title=POWHEG cascade (hdamp1 pT10)
XLabel=~
YLabel=~
# xlow	 xhigh	 val	 errminus	 errplus
0.000000e+00	4.000000e-03	1.054217e+01	3.984566e+00	3.984566e+00
4.000000e-03	8.000000e-03	2.710842e+01	6.389519e+00	6.389519e+00
8.000000e-03	1.200000e-02	1.656627e+01	4.994917e+00	4.994917e+00
1.200000e-02	1.600000e-02	1.054217e+01	3.984566e+00	3.984566e+00
1.600000e-02	2.000000e-02	1.204819e+01	4.259679e+00	4.259679e+00
2.000000e-02	2.400000e-02	7.530120e+00	3.367572e+00	3.367572e+00
2.400000e-02	2.900000e-02	6.024096e+00	2.694058e+00	2.694058e+00
2.900000e-02	3.400000e-02	8.433734e+00	3.187652e+00	3.187652e+00
3.400000e-02	3.900000e-02	7.228916e+00	2.951192e+00	2.951192e+00
3.900000e-02	4.500000e-02	5.020080e+00	2.245048e+00	2.245048e+00
4.500000e-02	5.100000e-02	8.032128e+00	2.839786e+00	2.839786e+00
5.100000e-02	5.700000e-02	6.024097e+00	2.459327e+00	2.459327e+00
5.700000e-02	6.400000e-02	5.163511e+00	2.107995e+00	2.107995e+00
6.400000e-02	7.200000e-02	3.765060e+00	1.683786e+00	1.683786e+00
7.200000e-02	8.100000e-02	2.008032e+00	1.159338e+00	1.159338e+00
8.100000e-02	9.100000e-02	2.409639e+00	1.204819e+00	1.204819e+00
9.100000e-02	1.020000e-01	1.642935e+00	9.485491e-01	9.485491e-01
1.020000e-01	1.140000e-01	5.020080e-01	5.020081e-01	5.020081e-01
1.140000e-01	1.280000e-01	2.151463e+00	9.621635e-01	9.621635e-01
1.280000e-01	1.450000e-01	1.417435e+00	7.087171e-01	7.087171e-01
1.450000e-01	1.650000e-01	9.036145e-01	5.217020e-01	5.217020e-01
1.650000e-01	1.890000e-01	1.004016e+00	5.020079e-01	5.020079e-01
1.890000e-01	2.190000e-01	8.032130e-01	4.016064e-01	4.016064e-01
2.190000e-01	2.580000e-01	7.723200e-01	3.453920e-01	3.453920e-01
2.580000e-01	3.120000e-01	7.809013e-01	2.951530e-01	2.951530e-01
3.120000e-01	3.910000e-01	5.337806e-01	2.017502e-01	2.017502e-01
3.910000e-01	5.240000e-01	2.264698e-01	1.012804e-01	1.012804e-01
5.240000e-01	6.950000e-01	1.761432e-01	7.877362e-02	7.877362e-02
6.950000e-01	9.180000e-01	0.000000e+00	0.000000e+00	0.000000e+00
9.180000e-01	1.153000e+00	2.563445e-02	2.563445e-02	2.563445e-02
1.153000e+00	1.496000e+00	0.000000e+00	0.000000e+00	0.000000e+00
1.496000e+00	1.947000e+00	0.000000e+00	0.000000e+00	0.000000e+00
1.947000e+00	2.522000e+00	0.000000e+00	0.000000e+00	0.000000e+00
2.522000e+00	3.277000e+00	0.000000e+00	0.000000e+00	0.000000e+00
3.277000e+00	5.000000e+00	3.496283e-03	3.496284e-03	3.496284e-03
5.000000e+00	1.000000e+01	0.000000e+00	0.000000e+00	0.000000e+00
# END HISTO1D

