# BEGIN PLOT
XTwosidedTicks=1
YTwosidedTicks=1
Title=$Z\rightarrow ee$, dressed level, $66\,\text{GeV}\leq m_{\ell\ell} < 116\,\text{GeV}$, $|y_{\ell\ell}| < 0.4$
RatioPlotReference=/ATLAS_2015_I1408516/d29-x01-y01
RatioPlot=1
LogX=1
LogY=1
LegendXPos=0.05
XLabel=$p_\text{T}^{\ell\ell}$ [GeV]
YLabel=$\text{d}\sigma/\text{d} p_\text{T}^{\ell\ell}$ [pb GeV$^{-1}$]
XMin=0.9
DrawOnly=/ATLAS_2015_I1408516/d29-x01-y01 //afs/desy.de/user/m/mendizam/ATLAS/POWHEG/YODA_files/hdamp1_pTmin100-PSoff.yoda/ATLAS_2015_I1408516/d29-x01-y01 //afs/desy.de/user/m/mendizam/ATLAS/cascade2/YODA_files/hdamp1_pTmin100.yoda/ATLAS_2015_I1408516/d29-x01-y01
LegendYPos=0.3
Legend=1
LegendOnly=/ATLAS_2015_I1408516/d29-x01-y01 //afs/desy.de/user/m/mendizam/ATLAS/POWHEG/YODA_files/hdamp1_pTmin100-PSoff.yoda/ATLAS_2015_I1408516/d29-x01-y01 //afs/desy.de/user/m/mendizam/ATLAS/cascade2/YODA_files/hdamp1_pTmin100.yoda/ATLAS_2015_I1408516/d29-x01-y01
# END PLOT

# BEGIN HISTO1D /ATLAS_2015_I1408516/d29-x01-y01
ConnectBins=0
ErrorBars=1
IsRef=1
Path=/ATLAS_2015_I1408516/d29-x01-y01
PolyMarker=*
Title=Data
# xlow	 xhigh	 val	 errminus	 errplus
0.000000e+00	2.000000e+00	3.107000e+00	9.495431e-02	9.495431e-02
2.000000e+00	4.000000e+00	6.445000e+00	1.909722e-01	1.909722e-01
4.000000e+00	6.000000e+00	6.534000e+00	1.936094e-01	1.936094e-01
6.000000e+00	8.000000e+00	5.804000e+00	1.709965e-01	1.709965e-01
8.000000e+00	1.000000e+01	4.891000e+00	1.455021e-01	1.455021e-01
1.000000e+01	1.300000e+01	3.903000e+00	1.145250e-01	1.145250e-01
1.300000e+01	1.600000e+01	3.002000e+00	8.930635e-02	8.930635e-02
1.600000e+01	2.000000e+01	2.276000e+00	6.770861e-02	6.770861e-02
2.000000e+01	2.500000e+01	1.633000e+00	4.858003e-02	4.858003e-02
2.500000e+01	3.000000e+01	1.163000e+00	3.496745e-02	3.496745e-02
3.000000e+01	3.700000e+01	8.137000e-01	2.474772e-02	2.474772e-02
3.700000e+01	4.500000e+01	5.484000e-01	1.700924e-02	1.700924e-02
4.500000e+01	5.500000e+01	3.590000e-01	1.143177e-02	1.143177e-02
5.500000e+01	6.500000e+01	2.282000e-01	7.433157e-03	7.433157e-03
6.500000e+01	7.500000e+01	1.512000e-01	4.989600e-03	4.989600e-03
7.500000e+01	8.500000e+01	1.008000e-01	3.321815e-03	3.321815e-03
8.500000e+01	1.050000e+02	5.874000e-02	1.887922e-03	1.887922e-03
1.050000e+02	1.500000e+02	2.247000e-02	7.193910e-04	7.193910e-04
1.500000e+02	2.000000e+02	6.375000e-03	2.171247e-04	2.171247e-04
2.000000e+02	9.000000e+02	2.712000e-04	1.031273e-05	1.031273e-05
# END HISTO1D


# BEGIN HISTO1D //afs/desy.de/user/m/mendizam/ATLAS/POWHEG/YODA_files/hdamp1_pTmin100-PSoff.yoda/ATLAS_2015_I1408516/d29-x01-y01
LineColor=red
LineStyle=solid
Path=//afs/desy.de/user/m/mendizam/ATLAS/POWHEG/YODA_files/hdamp1_pTmin100-PSoff.yoda/ATLAS_2015_I1408516/d29-x01-y01
ScaledBy=9.99999999994852112e-07
Title=POWHEG (hdamp1 pT10)
XLabel=~
YLabel=~
# xlow	 xhigh	 val	 errminus	 errplus
0.000000e+00	2.000000e+00	2.971424e+01	1.363678e-01	1.363678e-01
2.000000e+00	4.000000e+00	7.504875e-01	2.160106e-02	2.160106e-02
4.000000e+00	6.000000e+00	4.341357e-01	1.650096e-02	1.650096e-02
6.000000e+00	8.000000e+00	3.330018e-01	1.451469e-02	1.451469e-02
8.000000e+00	1.000000e+01	3.811021e-01	1.562501e-02	1.562501e-02
1.000000e+01	1.300000e+01	3.952853e+00	4.088666e-02	4.088666e-02
1.300000e+01	1.600000e+01	3.100206e+00	3.620833e-02	3.620833e-02
1.600000e+01	2.000000e+01	2.273662e+00	2.691184e-02	2.691184e-02
2.000000e+01	2.500000e+01	1.616909e+00	2.030633e-02	2.030633e-02
2.500000e+01	3.000000e+01	1.088546e+00	1.671346e-02	1.671346e-02
3.000000e+01	3.700000e+01	7.556850e-01	1.174947e-02	1.174947e-02
3.700000e+01	4.500000e+01	4.962651e-01	8.865637e-03	8.865637e-03
4.500000e+01	5.500000e+01	3.008116e-01	6.160530e-03	6.160530e-03
5.500000e+01	6.500000e+01	1.784643e-01	4.778297e-03	4.778297e-03
6.500000e+01	7.500000e+01	1.217307e-01	3.909902e-03	3.909902e-03
7.500000e+01	8.500000e+01	8.189378e-02	3.211423e-03	3.211423e-03
8.500000e+01	1.050000e+02	4.255023e-02	1.633885e-03	1.633885e-03
1.050000e+02	1.500000e+02	1.496452e-02	6.462606e-04	6.462606e-04
1.500000e+02	2.000000e+02	5.204694e-03	3.583060e-04	3.583060e-04
2.000000e+02	9.000000e+02	2.308107e-04	2.016603e-05	2.016603e-05
# END HISTO1D


# BEGIN HISTO1D //afs/desy.de/user/m/mendizam/ATLAS/cascade2/YODA_files/hdamp1_pTmin100.yoda/ATLAS_2015_I1408516/d29-x01-y01
LineColor=blue
LineStyle=solid
Path=//afs/desy.de/user/m/mendizam/ATLAS/cascade2/YODA_files/hdamp1_pTmin100.yoda/ATLAS_2015_I1408516/d29-x01-y01
ScaledBy=1.21542876767357223e-03
Title=POWHEG cascade (hdamp1 pT10)
XLabel=~
YLabel=~
# xlow	 xhigh	 val	 errminus	 errplus
0.000000e+00	2.000000e+00	5.548175e+00	5.871976e-02	5.871976e-02
2.000000e+00	4.000000e+00	8.265220e+00	7.181749e-02	7.181749e-02
4.000000e+00	6.000000e+00	7.163850e+00	6.699595e-02	6.699595e-02
6.000000e+00	8.000000e+00	5.760310e+00	6.020349e-02	6.020349e-02
8.000000e+00	1.000000e+01	4.811255e+00	5.505997e-02	5.505997e-02
1.000000e+01	1.300000e+01	3.609983e+00	3.906438e-02	3.906438e-02
1.300000e+01	1.600000e+01	2.892590e+00	3.497119e-02	3.497119e-02
1.600000e+01	2.000000e+01	2.267185e+00	2.677191e-02	2.677191e-02
2.000000e+01	2.500000e+01	1.668461e+00	2.069364e-02	2.069364e-02
2.500000e+01	3.000000e+01	1.198559e+00	1.747863e-02	1.747863e-02
3.000000e+01	3.700000e+01	8.110083e-01	1.221070e-02	1.221070e-02
3.700000e+01	4.500000e+01	5.506857e-01	9.352254e-03	9.352254e-03
4.500000e+01	5.500000e+01	3.320148e-01	6.493502e-03	6.493502e-03
5.500000e+01	6.500000e+01	2.084342e-01	5.141706e-03	5.141706e-03
6.500000e+01	7.500000e+01	1.380106e-01	4.180636e-03	4.180636e-03
7.500000e+01	8.500000e+01	8.732038e-02	3.332298e-03	3.332298e-03
8.500000e+01	1.050000e+02	4.847021e-02	1.737651e-03	1.737651e-03
1.050000e+02	1.500000e+02	1.715711e-02	6.911916e-04	6.911916e-04
1.500000e+02	2.000000e+02	5.698026e-03	3.749025e-04	3.749025e-04
2.000000e+02	9.000000e+02	2.449059e-04	2.077264e-05	2.077264e-05
# END HISTO1D

