# BEGIN PLOT
XTwosidedTicks=1
YTwosidedTicks=1
Title=$Z\rightarrow ee$, dressed level, $66\,\text{GeV}\leq m_{\ell\ell} < 116\,\text{GeV}$, $0.4\leq |y_{\ell\ell}| < 0.8$
RatioPlotReference=/ATLAS_2015_I1408516/d06-x01-y01
RatioPlot=1
LogX=1
LogY=1
LegendXPos=0.05
XLabel=$\phi^\ast_\eta$
YLabel=$1/\sigma$ $\text{d}\sigma/\text{d}\phi^\ast_\eta$
XMin=0.001
DrawOnly=/ATLAS_2015_I1408516/d06-x01-y01 //afs/desy.de/user/m/mendizam/ATLAS/POWHEG/YODA_files/hdamp1-pTmin49_PSon-0.yoda/ATLAS_2015_I1408516/d06-x01-y01 //afs/desy.de/user/m/mendizam/ATLAS/POWHEG/YODA_files/hdamp1_pTmin100-PSon.yoda/ATLAS_2015_I1408516/d06-x01-y01
LegendYPos=0.3
Legend=1
LegendOnly=/ATLAS_2015_I1408516/d06-x01-y01 //afs/desy.de/user/m/mendizam/ATLAS/POWHEG/YODA_files/hdamp1-pTmin49_PSon-0.yoda/ATLAS_2015_I1408516/d06-x01-y01 //afs/desy.de/user/m/mendizam/ATLAS/POWHEG/YODA_files/hdamp1_pTmin100-PSon.yoda/ATLAS_2015_I1408516/d06-x01-y01
# END PLOT

# BEGIN HISTO1D /ATLAS_2015_I1408516/d06-x01-y01
ConnectBins=0
ErrorBars=1
IsRef=1
Path=/ATLAS_2015_I1408516/d06-x01-y01
PolyMarker=*
Title=Data
# xlow	 xhigh	 val	 errminus	 errplus
0.000000e+00	4.000000e-03	9.405000e+00	4.309912e-02	4.309912e-02
4.000000e-03	8.000000e-03	9.230000e+00	3.915957e-02	3.915957e-02
8.000000e-03	1.200000e-02	9.055000e+00	3.841711e-02	3.841711e-02
1.200000e-02	1.600000e-02	8.813000e+00	3.739039e-02	3.739039e-02
1.600000e-02	2.000000e-02	8.530000e+00	3.618973e-02	3.618973e-02
2.000000e-02	2.400000e-02	8.163000e+00	4.241619e-02	4.241619e-02
2.400000e-02	2.900000e-02	7.849000e+00	3.330049e-02	3.330049e-02
2.900000e-02	3.400000e-02	7.382000e+00	3.131917e-02	3.131917e-02
3.400000e-02	3.900000e-02	6.874000e+00	2.916391e-02	2.916391e-02
3.900000e-02	4.500000e-02	6.410000e+00	2.719533e-02	2.719533e-02
4.500000e-02	5.100000e-02	5.850000e+00	2.481945e-02	2.481945e-02
5.100000e-02	5.700000e-02	5.427000e+00	2.819952e-02	2.819952e-02
5.700000e-02	6.400000e-02	4.933000e+00	2.092895e-02	2.092895e-02
6.400000e-02	7.200000e-02	4.503000e+00	1.910461e-02	1.910461e-02
7.200000e-02	8.100000e-02	4.020000e+00	1.705542e-02	1.705542e-02
8.100000e-02	9.100000e-02	3.585000e+00	1.520987e-02	1.520987e-02
9.100000e-02	1.020000e-01	3.146000e+00	1.334735e-02	1.334735e-02
1.020000e-01	1.140000e-01	2.786000e+00	1.182000e-02	1.182000e-02
1.140000e-01	1.280000e-01	2.380000e+00	1.009748e-02	1.009748e-02
1.280000e-01	1.450000e-01	2.034000e+00	8.629531e-03	8.629531e-03
1.450000e-01	1.650000e-01	1.694000e+00	7.187033e-03	7.187033e-03
1.650000e-01	1.890000e-01	1.396000e+00	5.922726e-03	5.922726e-03
1.890000e-01	2.190000e-01	1.115000e+00	4.730544e-03	4.730544e-03
2.190000e-01	2.580000e-01	8.530000e-01	3.908937e-03	3.908937e-03
2.580000e-01	3.120000e-01	6.160000e-01	2.822867e-03	2.822867e-03
3.120000e-01	3.910000e-01	4.100000e-01	2.090598e-03	2.090598e-03
3.910000e-01	5.240000e-01	2.400000e-01	1.419859e-03	1.419859e-03
5.240000e-01	6.950000e-01	1.240000e-01	8.680000e-04	8.680000e-04
6.950000e-01	9.180000e-01	6.290000e-02	4.952751e-04	4.952751e-04
9.180000e-01	1.153000e+00	3.300000e-02	3.283459e-04	3.283459e-04
1.153000e+00	1.496000e+00	1.750000e-02	2.025771e-04	2.025771e-04
1.496000e+00	1.947000e+00	8.500000e-03	1.211064e-04	1.211064e-04
1.947000e+00	2.522000e+00	4.400000e-03	7.721969e-05	7.721969e-05
2.522000e+00	3.277000e+00	2.290000e-03	4.868607e-05	4.868607e-05
3.277000e+00	5.000000e+00	9.940000e-04	2.222652e-05	2.222652e-05
5.000000e+00	1.000000e+01	3.090000e-04	7.113714e-06	7.113714e-06
# END HISTO1D


# BEGIN HISTO1D //afs/desy.de/user/m/mendizam/ATLAS/POWHEG/YODA_files/hdamp1-pTmin49_PSon-0.yoda/ATLAS_2015_I1408516/d06-x01-y01
ErrorBars=1
LineColor=red
LineStyle=solid
Path=//afs/desy.de/user/m/mendizam/ATLAS/POWHEG/YODA_files/hdamp1-pTmin49_PSon-0.yoda/ATLAS_2015_I1408516/d06-x01-y01
ScaledBy=8.18541646632357203e-09
Title=POWHEG PS (hdamp1 pTsqmin49)
XLabel=~
YLabel=~
# xlow	 xhigh	 val	 errminus	 errplus
0.000000e+00	4.000000e-03	1.575892e+01	2.004516e-01	2.004516e-01
4.000000e-03	8.000000e-03	9.598202e+00	1.566618e-01	1.566618e-01
8.000000e-03	1.200000e-02	9.156530e+00	1.532291e-01	1.532291e-01
1.200000e-02	1.600000e-02	8.772905e+00	1.501214e-01	1.501214e-01
1.600000e-02	2.000000e-02	8.379183e+00	1.465138e-01	1.465138e-01
2.000000e-02	2.400000e-02	7.773460e+00	1.409294e-01	1.409294e-01
2.400000e-02	2.900000e-02	7.704810e+00	1.257678e-01	1.257678e-01
2.900000e-02	3.400000e-02	6.913330e+00	1.193138e-01	1.193138e-01
3.400000e-02	3.900000e-02	6.547878e+00	1.157939e-01	1.157939e-01
3.900000e-02	4.500000e-02	5.756062e+00	9.915731e-02	9.915731e-02
4.500000e-02	5.100000e-02	5.434692e+00	9.648021e-02	9.648021e-02
5.100000e-02	5.700000e-02	5.204180e+00	9.489737e-02	9.489737e-02
5.700000e-02	6.400000e-02	4.720321e+00	8.341105e-02	8.341105e-02
6.400000e-02	7.200000e-02	4.235021e+00	7.401382e-02	7.401382e-02
7.200000e-02	8.100000e-02	3.900190e+00	6.686190e-02	6.686190e-02
8.100000e-02	9.100000e-02	3.515219e+00	6.008248e-02	6.008248e-02
9.100000e-02	1.020000e-01	3.124068e+00	5.421802e-02	5.421802e-02
1.020000e-01	1.140000e-01	2.717346e+00	4.837197e-02	4.837197e-02
1.140000e-01	1.280000e-01	2.305357e+00	4.135495e-02	4.135495e-02
1.280000e-01	1.450000e-01	2.039865e+00	3.522770e-02	3.522770e-02
1.450000e-01	1.650000e-01	1.682398e+00	2.965282e-02	2.965282e-02
1.650000e-01	1.890000e-01	1.401999e+00	2.457426e-02	2.457426e-02
1.890000e-01	2.190000e-01	1.138088e+00	1.978859e-02	1.978859e-02
2.190000e-01	2.580000e-01	8.456841e-01	1.504266e-02	1.504266e-02
2.580000e-01	3.120000e-01	6.191846e-01	1.091709e-02	1.091709e-02
3.120000e-01	3.910000e-01	4.089276e-01	7.336520e-03	7.336520e-03
3.910000e-01	5.240000e-01	2.317388e-01	4.267605e-03	4.267605e-03
5.240000e-01	6.950000e-01	1.149459e-01	2.638253e-03	2.638253e-03
6.950000e-01	9.180000e-01	5.835413e-02	1.640405e-03	1.640405e-03
9.180000e-01	1.153000e+00	3.110243e-02	1.163868e-03	1.163868e-03
1.153000e+00	1.496000e+00	1.439257e-02	6.601057e-04	6.601057e-04
1.496000e+00	1.947000e+00	7.879337e-03	4.223496e-04	4.223496e-04
1.947000e+00	2.522000e+00	3.599230e-03	2.526044e-04	2.526044e-04
2.522000e+00	3.277000e+00	1.898738e-03	1.604567e-04	1.604567e-04
3.277000e+00	5.000000e+00	8.788799e-04	7.223706e-05	7.223706e-05
5.000000e+00	1.000000e+01	2.483468e-04	2.239269e-05	2.239269e-05
# END HISTO1D


# BEGIN HISTO1D //afs/desy.de/user/m/mendizam/ATLAS/POWHEG/YODA_files/hdamp1_pTmin100-PSon.yoda/ATLAS_2015_I1408516/d06-x01-y01
ErrorBars=1
LineColor=blue
LineStyle=solid
Path=//afs/desy.de/user/m/mendizam/ATLAS/POWHEG/YODA_files/hdamp1_pTmin100-PSon.yoda/ATLAS_2015_I1408516/d06-x01-y01
ScaledBy=8.17518252928221091e-09
Title=POWHEG PS (hdamp1 pTsqmin100)
XLabel=~
YLabel=~
# xlow	 xhigh	 val	 errminus	 errplus
0.000000e+00	4.000000e-03	1.542665e+01	1.981914e-01	1.981914e-01
4.000000e-03	8.000000e-03	9.586203e+00	1.564253e-01	1.564253e-01
8.000000e-03	1.200000e-02	9.331612e+00	1.544838e-01	1.544838e-01
1.200000e-02	1.600000e-02	8.585488e+00	1.479714e-01	1.479714e-01
1.600000e-02	2.000000e-02	8.363665e+00	1.464608e-01	1.464608e-01
2.000000e-02	2.400000e-02	7.698202e+00	1.405725e-01	1.405725e-01
2.400000e-02	2.900000e-02	7.328164e+00	1.228941e-01	1.228941e-01
2.900000e-02	3.400000e-02	6.729248e+00	1.175671e-01	1.175671e-01
3.400000e-02	3.900000e-02	6.418698e+00	1.145539e-01	1.145539e-01
3.900000e-02	4.500000e-02	5.881622e+00	1.003224e-01	1.003224e-01
4.500000e-02	5.100000e-02	5.431257e+00	9.638888e-02	9.638888e-02
5.100000e-02	5.700000e-02	5.332110e+00	9.534315e-02	9.534315e-02
5.700000e-02	6.400000e-02	4.642400e+00	8.258138e-02	8.258138e-02
6.400000e-02	7.200000e-02	4.334335e+00	7.472277e-02	7.472277e-02
7.200000e-02	8.100000e-02	3.866186e+00	6.653352e-02	6.653352e-02
8.100000e-02	9.100000e-02	3.524940e+00	6.037893e-02	6.037893e-02
9.100000e-02	1.020000e-01	3.086247e+00	5.400262e-02	5.400262e-02
1.020000e-01	1.140000e-01	2.833261e+00	4.935243e-02	4.935243e-02
1.140000e-01	1.280000e-01	2.362251e+00	4.175909e-02	4.175909e-02
1.280000e-01	1.450000e-01	2.004694e+00	3.499820e-02	3.499820e-02
1.450000e-01	1.650000e-01	1.713064e+00	2.979969e-02	2.979969e-02
1.650000e-01	1.890000e-01	1.395625e+00	2.460459e-02	2.460459e-02
1.890000e-01	2.190000e-01	1.143723e+00	1.987499e-02	1.987499e-02
2.190000e-01	2.580000e-01	8.492803e-01	1.512583e-02	1.512583e-02
2.580000e-01	3.120000e-01	6.361487e-01	1.108578e-02	1.108578e-02
3.120000e-01	3.910000e-01	4.048428e-01	7.309541e-03	7.309541e-03
3.910000e-01	5.240000e-01	2.318281e-01	4.248088e-03	4.248088e-03
5.240000e-01	6.950000e-01	1.171607e-01	2.661213e-03	2.661213e-03
6.950000e-01	9.180000e-01	5.918547e-02	1.650785e-03	1.650785e-03
9.180000e-01	1.153000e+00	3.024834e-02	1.152073e-03	1.152073e-03
1.153000e+00	1.496000e+00	1.560920e-02	6.786561e-04	6.786561e-04
1.496000e+00	1.947000e+00	7.131723e-03	4.042757e-04	4.042757e-04
1.947000e+00	2.522000e+00	4.050647e-03	2.676643e-04	2.676643e-04
2.522000e+00	3.277000e+00	2.029911e-03	1.657272e-04	1.657272e-04
3.277000e+00	5.000000e+00	9.128926e-04	7.402100e-05	7.402100e-05
5.000000e+00	1.000000e+01	2.863510e-04	2.436614e-05	2.436614e-05
# END HISTO1D

