# BEGIN PLOT
XTwosidedTicks=1
YTwosidedTicks=1
Title=$Z\rightarrow ee$, dressed level, $116\,\text{GeV}\leq m_{\ell\ell} < 150\,\text{GeV}$, $|y_{\ell\ell}| < 0.8$
RatioPlotReference=/ATLAS_2015_I1408516/d11-x01-y01
RatioPlot=1
LogX=1
LogY=1
LegendXPos=0.05
XLabel=$\phi^\ast_\eta$
YLabel=$1/\sigma$ $\text{d}\sigma/\text{d}\phi^\ast_\eta$
XMin=0.001
DrawOnly=/ATLAS_2015_I1408516/d11-x01-y01 //afs/desy.de/user/m/mendizam/ATLAS/POWHEG/YODA_files/hdamp1-pTmin49_PSon-0.yoda/ATLAS_2015_I1408516/d11-x01-y01 //afs/desy.de/user/m/mendizam/ATLAS/POWHEG/YODA_files/hdamp1_pTmin100-PSon.yoda/ATLAS_2015_I1408516/d11-x01-y01
LegendYPos=0.3
Legend=1
LegendOnly=/ATLAS_2015_I1408516/d11-x01-y01 //afs/desy.de/user/m/mendizam/ATLAS/POWHEG/YODA_files/hdamp1-pTmin49_PSon-0.yoda/ATLAS_2015_I1408516/d11-x01-y01 //afs/desy.de/user/m/mendizam/ATLAS/POWHEG/YODA_files/hdamp1_pTmin100-PSon.yoda/ATLAS_2015_I1408516/d11-x01-y01
# END PLOT

# BEGIN HISTO1D /ATLAS_2015_I1408516/d11-x01-y01
ConnectBins=0
ErrorBars=1
IsRef=1
Path=/ATLAS_2015_I1408516/d11-x01-y01
PolyMarker=*
Title=Data
# xlow	 xhigh	 val	 errminus	 errplus
0.000000e+00	4.000000e-03	1.148900e+01	4.668268e-01	4.668268e-01
4.000000e-03	8.000000e-03	1.137500e+01	3.500470e-01	3.500470e-01
8.000000e-03	1.200000e-02	1.105100e+01	3.267061e-01	3.267061e-01
1.200000e-02	1.600000e-02	1.080400e+01	3.280575e-01	3.280575e-01
1.600000e-02	2.000000e-02	1.003800e+01	3.006377e-01	3.006377e-01
2.000000e-02	2.400000e-02	9.378000e+00	2.896573e-01	2.896573e-01
2.400000e-02	2.900000e-02	9.075000e+00	2.589160e-01	2.589160e-01
2.900000e-02	3.400000e-02	8.348000e+00	2.381742e-01	2.381742e-01
3.400000e-02	3.900000e-02	6.798000e+00	2.245399e-01	2.245399e-01
3.900000e-02	4.500000e-02	6.684000e+00	2.020736e-01	2.020736e-01
4.500000e-02	5.100000e-02	6.001000e+00	1.853522e-01	1.853522e-01
5.100000e-02	5.700000e-02	5.433000e+00	1.820663e-01	1.820663e-01
5.700000e-02	6.400000e-02	5.175000e+00	1.612575e-01	1.612575e-01
6.400000e-02	7.200000e-02	4.099000e+00	1.353912e-01	1.353912e-01
7.200000e-02	8.100000e-02	4.003000e+00	1.274061e-01	1.274061e-01
8.100000e-02	9.100000e-02	3.423000e+00	1.147088e-01	1.147088e-01
9.100000e-02	1.020000e-01	2.992000e+00	1.002655e-01	1.002655e-01
1.020000e-01	1.140000e-01	2.495000e+00	1.179267e-01	1.179267e-01
1.140000e-01	1.280000e-01	2.134000e+00	7.450686e-02	7.450686e-02
1.280000e-01	1.450000e-01	1.857000e+00	6.774869e-02	6.774869e-02
1.450000e-01	1.650000e-01	1.507000e+00	5.293840e-02	5.293840e-02
1.650000e-01	1.890000e-01	1.212000e+00	4.960324e-02	4.960324e-02
1.890000e-01	2.190000e-01	9.790000e-01	3.720200e-02	3.720200e-02
2.190000e-01	2.580000e-01	7.050000e-01	2.851549e-02	2.851549e-02
2.580000e-01	3.120000e-01	5.260000e-01	2.496700e-02	2.496700e-02
3.120000e-01	3.910000e-01	3.540000e-01	1.683641e-02	1.683641e-02
3.910000e-01	5.240000e-01	1.990000e-01	1.120425e-02	1.120425e-02
5.240000e-01	6.950000e-01	1.030000e-01	7.310098e-03	7.310098e-03
6.950000e-01	9.180000e-01	5.400000e-02	4.195004e-03	4.195004e-03
9.180000e-01	1.153000e+00	2.580000e-02	3.192222e-03	3.192222e-03
1.153000e+00	1.496000e+00	1.800000e-02	1.652082e-03	1.652082e-03
1.496000e+00	1.947000e+00	8.040000e-03	1.036661e-03	1.036661e-03
1.947000e+00	2.522000e+00	2.850000e-03	7.139577e-04	7.139577e-04
2.522000e+00	3.277000e+00	1.360000e-03	3.894447e-04	3.894447e-04
3.277000e+00	5.000000e+00	8.500000e-04	1.899517e-04	1.899517e-04
5.000000e+00	1.000000e+01	2.850000e-04	6.775152e-05	6.775152e-05
# END HISTO1D


# BEGIN HISTO1D //afs/desy.de/user/m/mendizam/ATLAS/POWHEG/YODA_files/hdamp1-pTmin49_PSon-0.yoda/ATLAS_2015_I1408516/d11-x01-y01
ErrorBars=1
LineColor=red
LineStyle=solid
Path=//afs/desy.de/user/m/mendizam/ATLAS/POWHEG/YODA_files/hdamp1-pTmin49_PSon-0.yoda/ATLAS_2015_I1408516/d11-x01-y01
ScaledBy=1.78591724245232618e-06
Title=POWHEG PS (hdamp1 pTsqmin49)
XLabel=~
YLabel=~
# xlow	 xhigh	 val	 errminus	 errplus
0.000000e+00	4.000000e-03	1.431718e+01	2.807831e+00	2.807831e+00
4.000000e-03	8.000000e-03	1.211454e+01	2.582828e+00	2.582828e+00
8.000000e-03	1.200000e-02	1.156388e+01	2.523445e+00	2.523445e+00
1.200000e-02	1.600000e-02	7.709250e+00	2.060384e+00	2.060384e+00
1.600000e-02	2.000000e-02	8.259912e+00	2.132700e+00	2.132700e+00
2.000000e-02	2.400000e-02	9.911895e+00	2.336256e+00	2.336256e+00
2.400000e-02	2.900000e-02	8.370044e+00	1.920220e+00	1.920220e+00
2.900000e-02	3.400000e-02	1.145374e+01	2.246264e+00	2.246264e+00
3.400000e-02	3.900000e-02	7.488986e+00	1.816346e+00	1.816346e+00
3.900000e-02	4.500000e-02	7.342143e+00	1.641753e+00	1.641753e+00
4.500000e-02	5.100000e-02	4.038178e+00	1.217557e+00	1.217557e+00
5.100000e-02	5.700000e-02	6.607930e+00	1.557504e+00	1.557504e+00
5.700000e-02	6.400000e-02	5.978603e+00	1.371586e+00	1.371586e+00
6.400000e-02	7.200000e-02	5.781939e+00	1.261723e+00	1.261723e+00
7.200000e-02	8.100000e-02	4.160548e+00	1.066789e+00	1.066789e+00
8.100000e-02	9.100000e-02	3.303965e+00	8.530800e-01	8.530800e-01
9.100000e-02	1.020000e-01	2.202643e+00	6.641219e-01	6.641219e-01
1.020000e-01	1.140000e-01	1.835536e+00	5.804474e-01	5.804474e-01
1.140000e-01	1.280000e-01	2.989301e+00	6.857928e-01	6.857928e-01
1.280000e-01	1.450000e-01	1.554807e+00	4.488341e-01	4.488341e-01
1.450000e-01	1.650000e-01	1.101321e+00	3.482685e-01	3.482685e-01
1.650000e-01	1.890000e-01	8.259913e-01	2.753304e-01	2.753304e-01
1.890000e-01	2.190000e-01	7.342143e-01	2.543393e-01	2.543393e-01
2.190000e-01	2.580000e-01	8.471705e-01	2.187385e-01	2.187385e-01
2.580000e-01	3.120000e-01	7.750041e-01	1.777981e-01	1.777981e-01
3.120000e-01	3.910000e-01	4.461049e-01	1.115262e-01	1.115262e-01
3.910000e-01	5.240000e-01	1.490511e-01	4.968368e-02	4.968368e-02
5.240000e-01	6.950000e-01	1.030477e-01	3.643284e-02	3.643284e-02
6.950000e-01	9.180000e-01	0.000000e+00	0.000000e+00	0.000000e+00
9.180000e-01	1.153000e+00	1.874590e-02	1.325535e-02	1.325535e-02
1.153000e+00	1.496000e+00	1.284340e-02	9.081656e-03	9.081656e-03
1.496000e+00	1.947000e+00	9.767818e-03	6.906891e-03	6.906891e-03
1.947000e+00	2.522000e+00	0.000000e+00	0.000000e+00	0.000000e+00
2.522000e+00	3.277000e+00	2.917408e-03	2.917408e-03	2.917408e-03
3.277000e+00	5.000000e+00	0.000000e+00	0.000000e+00	0.000000e+00
5.000000e+00	1.000000e+01	0.000000e+00	0.000000e+00	0.000000e+00
# END HISTO1D


# BEGIN HISTO1D //afs/desy.de/user/m/mendizam/ATLAS/POWHEG/YODA_files/hdamp1_pTmin100-PSon.yoda/ATLAS_2015_I1408516/d11-x01-y01
ErrorBars=1
LineColor=blue
LineStyle=solid
Path=//afs/desy.de/user/m/mendizam/ATLAS/POWHEG/YODA_files/hdamp1_pTmin100-PSon.yoda/ATLAS_2015_I1408516/d11-x01-y01
ScaledBy=1.58051935296951100e-06
Title=POWHEG PS (hdamp1 pTsqmin100)
XLabel=~
YLabel=~
# xlow	 xhigh	 val	 errminus	 errplus
0.000000e+00	4.000000e-03	1.510721e+01	2.713335e+00	2.713335e+00
4.000000e-03	8.000000e-03	1.461988e+01	2.669213e+00	2.669213e+00
8.000000e-03	1.200000e-02	1.510721e+01	2.713335e+00	2.713335e+00
1.200000e-02	1.600000e-02	9.746588e+00	2.179403e+00	2.179403e+00
1.600000e-02	2.000000e-02	1.218323e+01	2.436647e+00	2.436647e+00
2.000000e-02	2.400000e-02	5.847952e+00	1.688159e+00	1.688159e+00
2.400000e-02	2.900000e-02	8.576998e+00	1.828622e+00	1.828622e+00
2.900000e-02	3.400000e-02	6.237816e+00	1.559454e+00	1.559454e+00
3.400000e-02	3.900000e-02	7.407408e+00	1.699376e+00	1.699376e+00
3.900000e-02	4.500000e-02	3.248863e+00	1.027381e+00	1.027381e+00
4.500000e-02	5.100000e-02	6.497725e+00	1.452936e+00	1.452936e+00
5.100000e-02	5.700000e-02	8.122157e+00	1.624431e+00	1.624431e+00
5.700000e-02	6.400000e-02	5.291006e+00	1.276128e+00	1.276128e+00
6.400000e-02	7.200000e-02	3.167641e+00	9.437094e-01	9.437094e-01
7.200000e-02	8.100000e-02	3.898636e+00	9.189172e-01	9.189172e-01
8.100000e-02	9.100000e-02	2.144250e+00	6.465156e-01	6.465156e-01
9.100000e-02	1.020000e-01	2.303739e+00	6.389423e-01	6.389423e-01
1.020000e-01	1.140000e-01	1.624432e+00	5.627196e-01	5.627196e-01
1.140000e-01	1.280000e-01	1.670844e+00	4.823311e-01	4.823311e-01
1.280000e-01	1.450000e-01	1.949318e+00	4.727790e-01	4.727790e-01
1.450000e-01	1.650000e-01	1.461988e+00	3.774837e-01	3.774837e-01
1.650000e-01	1.890000e-01	1.299545e+00	3.248863e-01	3.248863e-01
1.890000e-01	2.190000e-01	1.299545e+00	2.905871e-01	2.905871e-01
2.190000e-01	2.580000e-01	7.997200e-01	1.999300e-01	1.999300e-01
2.580000e-01	3.120000e-01	5.414772e-01	1.398088e-01	1.398088e-01
3.120000e-01	3.910000e-01	3.947985e-01	9.869963e-02	9.869963e-02
3.910000e-01	5.240000e-01	2.638174e-01	6.218236e-02	6.218236e-02
5.240000e-01	6.950000e-01	6.839713e-02	2.792301e-02	2.792301e-02
6.950000e-01	9.180000e-01	8.741336e-02	2.764253e-02	2.764253e-02
9.180000e-01	1.153000e+00	8.294970e-03	8.294969e-03	8.294969e-03
1.153000e+00	1.496000e+00	0.000000e+00	0.000000e+00	0.000000e+00
1.496000e+00	1.947000e+00	8.644424e-03	6.112531e-03	6.112531e-03
1.947000e+00	2.522000e+00	3.390118e-03	3.390118e-03	3.390118e-03
2.522000e+00	3.277000e+00	0.000000e+00	0.000000e+00	0.000000e+00
3.277000e+00	5.000000e+00	2.262702e-03	1.599972e-03	1.599972e-03
5.000000e+00	1.000000e+01	0.000000e+00	0.000000e+00	0.000000e+00
# END HISTO1D

