# BEGIN PLOT
XTwosidedTicks=1
YTwosidedTicks=1
Title=$Z\rightarrow ee$, dressed level, $116\,\text{GeV}\leq m_{\ell\ell} < 150\,\text{GeV}$, $1.6\leq |y_{\ell\ell}| < 2.4$
RatioPlotReference=/ATLAS_2015_I1408516/d13-x01-y01
RatioPlot=1
LogX=1
LogY=1
LegendXPos=0.05
XLabel=$\phi^\ast_\eta$
YLabel=$1/\sigma$ $\text{d}\sigma/\text{d}\phi^\ast_\eta$
XMin=0.001
DrawOnly=/ATLAS_2015_I1408516/d13-x01-y01 //afs/desy.de/user/m/mendizam/ATLAS/POWHEG/YODA_files/hdamp1-pTmin49_PSon-0.yoda/ATLAS_2015_I1408516/d13-x01-y01 //afs/desy.de/user/m/mendizam/ATLAS/POWHEG/YODA_files/hdamp1_pTmin100-PSon.yoda/ATLAS_2015_I1408516/d13-x01-y01
LegendYPos=0.3
Legend=1
LegendOnly=/ATLAS_2015_I1408516/d13-x01-y01 //afs/desy.de/user/m/mendizam/ATLAS/POWHEG/YODA_files/hdamp1-pTmin49_PSon-0.yoda/ATLAS_2015_I1408516/d13-x01-y01 //afs/desy.de/user/m/mendizam/ATLAS/POWHEG/YODA_files/hdamp1_pTmin100-PSon.yoda/ATLAS_2015_I1408516/d13-x01-y01
# END PLOT

# BEGIN HISTO1D /ATLAS_2015_I1408516/d13-x01-y01
ConnectBins=0
ErrorBars=1
IsRef=1
Path=/ATLAS_2015_I1408516/d13-x01-y01
PolyMarker=*
Title=Data
# xlow	 xhigh	 val	 errminus	 errplus
0.000000e+00	4.000000e-03	1.189200e+01	6.601935e-01	6.601935e-01
4.000000e-03	8.000000e-03	1.164800e+01	7.139568e-01	7.139568e-01
8.000000e-03	1.200000e-02	1.145500e+01	6.088416e-01	6.088416e-01
1.200000e-02	1.600000e-02	1.117100e+01	6.074600e-01	6.074600e-01
1.600000e-02	2.000000e-02	9.714000e+00	5.861496e-01	5.861496e-01
2.000000e-02	2.400000e-02	9.337000e+00	6.076228e-01	6.076228e-01
2.400000e-02	2.900000e-02	9.075000e+00	5.342702e-01	5.342702e-01
2.900000e-02	3.400000e-02	7.757000e+00	4.665821e-01	4.665821e-01
3.400000e-02	3.900000e-02	7.263000e+00	4.515928e-01	4.515928e-01
3.900000e-02	4.500000e-02	6.336000e+00	3.816881e-01	3.816881e-01
4.500000e-02	5.100000e-02	6.574000e+00	3.934527e-01	3.934527e-01
5.100000e-02	5.700000e-02	5.317000e+00	3.433070e-01	3.433070e-01
5.700000e-02	6.400000e-02	4.755000e+00	3.090750e-01	3.090750e-01
6.400000e-02	7.200000e-02	4.983000e+00	2.991876e-01	2.991876e-01
7.200000e-02	8.100000e-02	3.911000e+00	2.533410e-01	2.533410e-01
8.100000e-02	9.100000e-02	3.070000e+00	2.120301e-01	2.120301e-01
9.100000e-02	1.020000e-01	3.005000e+00	2.394402e-01	2.394402e-01
1.020000e-01	1.140000e-01	2.530000e+00	1.755390e-01	1.755390e-01
1.140000e-01	1.280000e-01	2.350000e+00	1.581499e-01	1.581499e-01
1.280000e-01	1.450000e-01	1.975000e+00	1.230379e-01	1.230379e-01
1.450000e-01	1.650000e-01	1.409000e+00	9.608099e-02	9.608099e-02
1.650000e-01	1.890000e-01	1.252000e+00	9.614349e-02	9.614349e-02
1.890000e-01	2.190000e-01	9.700000e-01	8.799777e-02	8.799777e-02
2.190000e-01	2.580000e-01	8.560000e-01	5.917555e-02	5.917555e-02
2.580000e-01	3.120000e-01	5.380000e-01	3.772911e-02	3.772911e-02
3.120000e-01	3.910000e-01	3.560000e-01	2.752504e-02	2.752504e-02
3.910000e-01	5.240000e-01	1.940000e-01	1.631908e-02	1.631908e-02
5.240000e-01	6.950000e-01	7.870000e-02	1.118676e-02	1.118676e-02
6.950000e-01	9.180000e-01	4.650000e-02	5.862874e-03	5.862874e-03
9.180000e-01	1.153000e+00	2.280000e-02	3.976623e-03	3.976623e-03
1.153000e+00	1.496000e+00	9.700000e-03	2.050374e-03	2.050374e-03
1.496000e+00	1.947000e+00	4.960000e-03	1.201355e-03	1.201355e-03
1.947000e+00	2.522000e+00	1.550000e-03	5.501015e-04	5.501015e-04
2.522000e+00	3.277000e+00	6.780000e-04	3.120752e-04	3.120752e-04
3.277000e+00	5.000000e+00	9.360000e-05	1.454449e-04	1.454449e-04
5.000000e+00	1.000000e+01	5.400000e-05	4.329776e-05	4.329776e-05
# END HISTO1D


# BEGIN HISTO1D //afs/desy.de/user/m/mendizam/ATLAS/POWHEG/YODA_files/hdamp1-pTmin49_PSon-0.yoda/ATLAS_2015_I1408516/d13-x01-y01
ErrorBars=1
LineColor=red
LineStyle=solid
Path=//afs/desy.de/user/m/mendizam/ATLAS/POWHEG/YODA_files/hdamp1-pTmin49_PSon-0.yoda/ATLAS_2015_I1408516/d13-x01-y01
ScaledBy=5.36957899386333382e-06
Title=POWHEG PS (hdamp1 pTsqmin49)
XLabel=~
YLabel=~
# xlow	 xhigh	 val	 errminus	 errplus
0.000000e+00	4.000000e-03	1.821192e+01	5.491101e+00	5.491101e+00
4.000000e-03	8.000000e-03	9.933775e+00	4.055447e+00	4.055447e+00
8.000000e-03	1.200000e-02	8.278145e+00	3.702099e+00	3.702099e+00
1.200000e-02	1.600000e-02	1.158941e+01	4.380383e+00	4.380383e+00
1.600000e-02	2.000000e-02	1.158941e+01	4.380383e+00	4.380383e+00
2.000000e-02	2.400000e-02	9.933775e+00	4.055447e+00	4.055447e+00
2.400000e-02	2.900000e-02	5.298014e+00	2.649007e+00	2.649007e+00
2.900000e-02	3.400000e-02	5.298014e+00	2.649007e+00	2.649007e+00
3.400000e-02	3.900000e-02	1.059603e+01	3.746261e+00	3.746261e+00
3.900000e-02	4.500000e-02	7.726270e+00	2.920255e+00	2.920255e+00
4.500000e-02	5.100000e-02	3.311258e+00	1.911756e+00	1.911756e+00
5.100000e-02	5.700000e-02	6.622517e+00	2.703631e+00	2.703631e+00
5.700000e-02	6.400000e-02	5.676443e+00	2.317398e+00	2.317398e+00
6.400000e-02	7.200000e-02	3.311259e+00	1.655629e+00	1.655629e+00
7.200000e-02	8.100000e-02	6.622517e+00	2.207505e+00	2.207505e+00
8.100000e-02	9.100000e-02	3.311258e+00	1.480840e+00	1.480840e+00
9.100000e-02	1.020000e-01	3.612282e+00	1.474708e+00	1.474708e+00
1.020000e-01	1.140000e-01	3.863135e+00	1.460128e+00	1.460128e+00
1.140000e-01	1.280000e-01	9.460736e-01	6.689752e-01	6.689752e-01
1.280000e-01	1.450000e-01	1.947799e+00	8.710821e-01	8.710821e-01
1.450000e-01	1.650000e-01	1.986755e+00	8.110894e-01	8.110894e-01
1.650000e-01	1.890000e-01	2.759382e-01	2.759382e-01	2.759382e-01
1.890000e-01	2.190000e-01	1.766004e+00	6.243768e-01	6.243768e-01
2.190000e-01	2.580000e-01	6.792326e-01	3.396162e-01	3.396162e-01
2.580000e-01	3.120000e-01	6.131959e-01	2.742296e-01	2.742296e-01
3.120000e-01	3.910000e-01	2.514880e-01	1.451967e-01	1.451967e-01
3.910000e-01	5.240000e-01	9.958669e-02	7.041844e-02	7.041844e-02
5.240000e-01	6.950000e-01	7.745632e-02	5.476990e-02	5.476990e-02
6.950000e-01	9.180000e-01	2.969739e-02	2.969739e-02	2.969739e-02
9.180000e-01	1.153000e+00	0.000000e+00	0.000000e+00	0.000000e+00
1.153000e+00	1.496000e+00	0.000000e+00	0.000000e+00	0.000000e+00
1.496000e+00	1.947000e+00	0.000000e+00	0.000000e+00	0.000000e+00
1.947000e+00	2.522000e+00	0.000000e+00	0.000000e+00	0.000000e+00
2.522000e+00	3.277000e+00	0.000000e+00	0.000000e+00	0.000000e+00
3.277000e+00	5.000000e+00	3.843597e-03	3.843597e-03	3.843597e-03
5.000000e+00	1.000000e+01	0.000000e+00	0.000000e+00	0.000000e+00
# END HISTO1D


# BEGIN HISTO1D //afs/desy.de/user/m/mendizam/ATLAS/POWHEG/YODA_files/hdamp1_pTmin100-PSon.yoda/ATLAS_2015_I1408516/d13-x01-y01
ErrorBars=1
LineColor=blue
LineStyle=solid
Path=//afs/desy.de/user/m/mendizam/ATLAS/POWHEG/YODA_files/hdamp1_pTmin100-PSon.yoda/ATLAS_2015_I1408516/d13-x01-y01
ScaledBy=5.06754017545852256e-06
Title=POWHEG PS (hdamp1 pTsqmin100)
XLabel=~
YLabel=~
# xlow	 xhigh	 val	 errminus	 errplus
0.000000e+00	4.000000e-03	1.562500e+01	4.941059e+00	4.941059e+00
4.000000e-03	8.000000e-03	4.687500e+00	2.706329e+00	2.706329e+00
8.000000e-03	1.200000e-02	1.562500e+01	4.941059e+00	4.941059e+00
1.200000e-02	1.600000e-02	7.812500e+00	3.493856e+00	3.493856e+00
1.600000e-02	2.000000e-02	4.687500e+00	2.706329e+00	2.706329e+00
2.000000e-02	2.400000e-02	9.375000e+00	3.827328e+00	3.827328e+00
2.400000e-02	2.900000e-02	1.125000e+01	3.750000e+00	3.750000e+00
2.900000e-02	3.400000e-02	7.500000e+00	3.061862e+00	3.061862e+00
3.400000e-02	3.900000e-02	5.000000e+00	2.500000e+00	2.500000e+00
3.900000e-02	4.500000e-02	1.041667e+01	3.294039e+00	3.294039e+00
4.500000e-02	5.100000e-02	5.208333e+00	2.329237e+00	2.329237e+00
5.100000e-02	5.700000e-02	1.041667e+01	3.294039e+00	3.294039e+00
5.700000e-02	6.400000e-02	5.357143e+00	2.187044e+00	2.187044e+00
6.400000e-02	7.200000e-02	3.125000e+00	1.562500e+00	1.562500e+00
7.200000e-02	8.100000e-02	5.555556e+00	1.964186e+00	1.964186e+00
8.100000e-02	9.100000e-02	2.500000e+00	1.250000e+00	1.250000e+00
9.100000e-02	1.020000e-01	3.409091e+00	1.391756e+00	1.391756e+00
1.020000e-01	1.140000e-01	2.083333e+00	1.041667e+00	1.041667e+00
1.140000e-01	1.280000e-01	1.339286e+00	7.732370e-01	7.732370e-01
1.280000e-01	1.450000e-01	1.470588e+00	7.352941e-01	7.352941e-01
1.450000e-01	1.650000e-01	9.375000e-01	5.412659e-01	5.412659e-01
1.650000e-01	1.890000e-01	5.208333e-01	3.682848e-01	3.682848e-01
1.890000e-01	2.190000e-01	1.041667e+00	4.658475e-01	4.658475e-01
2.190000e-01	2.580000e-01	6.410256e-01	3.205128e-01	3.205128e-01
2.580000e-01	3.120000e-01	6.944444e-01	2.835058e-01	2.835058e-01
3.120000e-01	3.910000e-01	5.537975e-01	2.093158e-01	2.093158e-01
3.910000e-01	5.240000e-01	2.349624e-01	1.050784e-01	1.050784e-01
5.240000e-01	6.950000e-01	1.827485e-01	8.172763e-02	8.172763e-02
6.950000e-01	9.180000e-01	2.802691e-02	2.802691e-02	2.802691e-02
9.180000e-01	1.153000e+00	0.000000e+00	0.000000e+00	0.000000e+00
1.153000e+00	1.496000e+00	0.000000e+00	0.000000e+00	0.000000e+00
1.496000e+00	1.947000e+00	1.385809e-02	1.385809e-02	1.385809e-02
1.947000e+00	2.522000e+00	0.000000e+00	0.000000e+00	0.000000e+00
2.522000e+00	3.277000e+00	0.000000e+00	0.000000e+00	0.000000e+00
3.277000e+00	5.000000e+00	3.627394e-03	3.627394e-03	3.627394e-03
5.000000e+00	1.000000e+01	0.000000e+00	0.000000e+00	0.000000e+00
# END HISTO1D

