# BEGIN PLOT
XTwosidedTicks=1
YTwosidedTicks=1
Title=$Z\rightarrow ee$, dressed level, $46\,\text{GeV}\leq m_{\ell\ell} < 66\,\text{GeV}$, $|y_{\ell\ell}| < 2.4$
RatioPlotReference=/ATLAS_2015_I1408516/d14-x01-y01
RatioPlot=1
LogX=1
LogY=1
LegendXPos=0.05
XLabel=$\phi^\ast_\eta$
YLabel=$1/\sigma$ $\text{d}\sigma/\text{d}\phi^\ast_\eta$
XMin=0.001
DrawOnly=/ATLAS_2015_I1408516/d14-x01-y01 //afs/desy.de/user/m/mendizam/ATLAS/POWHEG/YODA_files/hdamp1-pTmin49_PSon-0.yoda/ATLAS_2015_I1408516/d14-x01-y01 //afs/desy.de/user/m/mendizam/ATLAS/POWHEG/YODA_files/hdamp1_pTmin100-PSon.yoda/ATLAS_2015_I1408516/d14-x01-y01
LegendYPos=0.3
Legend=1
LegendOnly=/ATLAS_2015_I1408516/d14-x01-y01 //afs/desy.de/user/m/mendizam/ATLAS/POWHEG/YODA_files/hdamp1-pTmin49_PSon-0.yoda/ATLAS_2015_I1408516/d14-x01-y01 //afs/desy.de/user/m/mendizam/ATLAS/POWHEG/YODA_files/hdamp1_pTmin100-PSon.yoda/ATLAS_2015_I1408516/d14-x01-y01
# END PLOT

# BEGIN HISTO1D /ATLAS_2015_I1408516/d14-x01-y01
ConnectBins=0
ErrorBars=1
IsRef=1
Path=/ATLAS_2015_I1408516/d14-x01-y01
PolyMarker=*
Title=Data
# xlow	 xhigh	 val	 errminus	 errplus
0.000000e+00	4.000000e-03	6.941000e+00	3.873302e-01	3.873302e-01
4.000000e-03	8.000000e-03	6.819000e+00	1.969263e-01	1.969263e-01
8.000000e-03	1.200000e-02	6.793000e+00	1.563866e-01	1.563866e-01
1.200000e-02	1.600000e-02	6.507000e+00	1.309508e-01	1.309508e-01
1.600000e-02	2.000000e-02	6.498000e+00	1.376902e-01	1.376902e-01
2.000000e-02	2.400000e-02	6.428000e+00	1.234778e-01	1.234778e-01
2.400000e-02	2.900000e-02	6.261000e+00	1.077183e-01	1.077183e-01
2.900000e-02	3.400000e-02	5.900000e+00	1.038802e-01	1.038802e-01
3.400000e-02	3.900000e-02	5.934000e+00	1.069767e-01	1.069767e-01
3.900000e-02	4.500000e-02	5.324000e+00	8.748225e-02	8.748225e-02
4.500000e-02	5.100000e-02	5.159000e+00	8.648060e-02	8.648060e-02
5.100000e-02	5.700000e-02	4.874000e+00	8.399700e-02	8.399700e-02
5.700000e-02	6.400000e-02	4.499000e+00	7.365180e-02	7.365180e-02
6.400000e-02	7.200000e-02	4.231000e+00	6.926446e-02	6.926446e-02
7.200000e-02	8.100000e-02	3.805000e+00	6.229053e-02	6.229053e-02
8.100000e-02	9.100000e-02	3.526000e+00	5.761531e-02	5.761531e-02
9.100000e-02	1.020000e-01	3.202000e+00	5.241900e-02	5.241900e-02
1.020000e-01	1.140000e-01	2.856000e+00	4.913648e-02	4.913648e-02
1.140000e-01	1.280000e-01	2.549000e+00	3.957112e-02	3.957112e-02
1.280000e-01	1.450000e-01	2.122000e+00	3.218172e-02	3.218172e-02
1.450000e-01	1.650000e-01	1.817000e+00	2.980102e-02	2.980102e-02
1.650000e-01	1.890000e-01	1.512000e+00	2.479864e-02	2.479864e-02
1.890000e-01	2.190000e-01	1.240000e+00	2.136977e-02	2.136977e-02
2.190000e-01	2.580000e-01	9.990000e-01	1.638482e-02	1.638482e-02
2.580000e-01	3.120000e-01	7.480000e-01	1.168413e-02	1.168413e-02
3.120000e-01	3.910000e-01	5.450000e-01	9.328897e-03	9.328897e-03
3.910000e-01	5.240000e-01	3.330000e-01	5.777334e-03	5.777334e-03
5.240000e-01	6.950000e-01	1.970000e-01	4.548098e-03	4.548098e-03
6.950000e-01	9.180000e-01	1.030000e-01	2.595518e-03	2.595518e-03
9.180000e-01	1.153000e+00	6.110000e-02	1.909803e-03	1.909803e-03
1.153000e+00	1.496000e+00	3.330000e-02	1.351012e-03	1.351012e-03
1.496000e+00	1.947000e+00	1.740000e-02	7.754233e-04	7.754233e-04
1.947000e+00	2.522000e+00	8.630000e-03	4.749637e-04	4.749637e-04
2.522000e+00	3.277000e+00	4.570000e-03	3.650283e-04	3.650283e-04
3.277000e+00	5.000000e+00	2.070000e-03	1.226726e-04	1.226726e-04
5.000000e+00	1.000000e+01	4.860000e-04	3.479231e-05	3.479231e-05
# END HISTO1D


# BEGIN HISTO1D //afs/desy.de/user/m/mendizam/ATLAS/POWHEG/YODA_files/hdamp1-pTmin49_PSon-0.yoda/ATLAS_2015_I1408516/d14-x01-y01
ErrorBars=1
LineColor=red
LineStyle=solid
Path=//afs/desy.de/user/m/mendizam/ATLAS/POWHEG/YODA_files/hdamp1-pTmin49_PSon-0.yoda/ATLAS_2015_I1408516/d14-x01-y01
ScaledBy=1.50791599046572670e-07
Title=POWHEG PS (hdamp1 pTsqmin49)
XLabel=~
YLabel=~
# xlow	 xhigh	 val	 errminus	 errplus
0.000000e+00	4.000000e-03	1.436675e+01	8.199364e-01	8.199364e-01
4.000000e-03	8.000000e-03	6.695182e+00	5.617931e-01	5.617931e-01
8.000000e-03	1.200000e-02	7.067137e+00	5.769794e-01	5.769794e-01
1.200000e-02	1.600000e-02	6.974150e+00	5.769794e-01	5.769794e-01
1.600000e-02	2.000000e-02	5.997768e+00	5.361987e-01	5.361987e-01
2.000000e-02	2.400000e-02	5.625812e+00	5.156470e-01	5.156470e-01
2.400000e-02	2.900000e-02	5.876884e+00	4.763343e-01	4.763343e-01
2.900000e-02	3.400000e-02	5.318952e+00	4.570655e-01	4.570655e-01
3.400000e-02	3.900000e-02	5.244560e+00	4.447930e-01	4.447930e-01
3.900000e-02	4.500000e-02	4.494452e+00	3.783570e-01	3.783570e-01
4.500000e-02	5.100000e-02	4.959395e+00	3.969453e-01	3.969453e-01
5.100000e-02	5.700000e-02	4.618437e+00	3.834021e-01	3.834021e-01
5.700000e-02	6.400000e-02	4.410319e+00	3.443631e-01	3.443631e-01
6.400000e-02	7.200000e-02	3.580064e+00	2.922123e-01	2.922123e-01
7.200000e-02	8.100000e-02	3.740210e+00	2.780076e-01	2.780076e-01
8.100000e-02	9.100000e-02	3.421983e+00	2.576977e-01	2.576977e-01
9.100000e-02	1.020000e-01	2.806566e+00	2.204407e-01	2.204407e-01
1.020000e-01	1.140000e-01	2.448702e+00	1.996792e-01	1.996792e-01
1.140000e-01	1.280000e-01	2.723239e+00	1.920459e-01	1.920459e-01
1.280000e-01	1.450000e-01	2.100449e+00	1.539372e-01	1.539372e-01
1.450000e-01	1.650000e-01	1.934164e+00	1.360307e-01	1.360307e-01
1.650000e-01	1.890000e-01	1.487818e+00	1.079318e-01	1.079318e-01
1.890000e-01	2.190000e-01	1.202653e+00	8.854291e-02	8.854291e-02
2.190000e-01	2.580000e-01	9.680356e-01	6.992212e-02	6.992212e-02
2.580000e-01	3.120000e-01	8.747822e-01	5.553322e-02	5.553322e-02
3.120000e-01	3.910000e-01	6.309104e-01	3.925141e-02	3.925141e-02
3.910000e-01	5.240000e-01	3.523780e-01	2.246044e-02	2.246044e-02
5.240000e-01	6.950000e-01	2.175173e-01	1.553384e-02	1.553384e-02
6.950000e-01	9.180000e-01	7.839404e-02	8.085727e-03	8.085727e-03
9.180000e-01	1.153000e+00	4.669217e-02	6.078803e-03	6.078803e-03
1.153000e+00	1.496000e+00	2.602598e-02	3.833989e-03	3.833989e-03
1.496000e+00	1.947000e+00	1.154626e-02	2.182039e-03	2.182039e-03
1.947000e+00	2.522000e+00	4.204704e-03	1.166175e-03	1.166175e-03
2.522000e+00	3.277000e+00	3.202258e-03	8.881467e-04	8.881467e-04
3.277000e+00	5.000000e+00	2.050824e-03	4.704912e-04	4.704912e-04
5.000000e+00	1.000000e+01	5.579320e-04	1.440574e-04	1.440574e-04
# END HISTO1D


# BEGIN HISTO1D //afs/desy.de/user/m/mendizam/ATLAS/POWHEG/YODA_files/hdamp1_pTmin100-PSon.yoda/ATLAS_2015_I1408516/d14-x01-y01
ErrorBars=1
LineColor=blue
LineStyle=solid
Path=//afs/desy.de/user/m/mendizam/ATLAS/POWHEG/YODA_files/hdamp1_pTmin100-PSon.yoda/ATLAS_2015_I1408516/d14-x01-y01
ScaledBy=1.50010439976581166e-07
Title=POWHEG PS (hdamp1 pTsqmin100)
XLabel=~
YLabel=~
# xlow	 xhigh	 val	 errminus	 errplus
0.000000e+00	4.000000e-03	1.373728e+01	7.971179e-01	7.971179e-01
4.000000e-03	8.000000e-03	7.215540e+00	5.777056e-01	5.777056e-01
8.000000e-03	1.200000e-02	6.336725e+00	5.531110e-01	5.531110e-01
1.200000e-02	1.600000e-02	6.938020e+00	5.777056e-01	5.777056e-01
1.600000e-02	2.000000e-02	6.799260e+00	5.683721e-01	5.683721e-01
2.000000e-02	2.400000e-02	6.197965e+00	5.433553e-01	5.433553e-01
2.400000e-02	2.900000e-02	5.920444e+00	4.738667e-01	4.738667e-01
2.900000e-02	3.400000e-02	5.254394e+00	4.409390e-01	4.409390e-01
3.400000e-02	3.900000e-02	4.847364e+00	4.331064e-01	4.331064e-01
3.900000e-02	4.500000e-02	5.550417e+00	4.137036e-01	4.137036e-01
4.500000e-02	5.100000e-02	4.409497e+00	3.713103e-01	3.713103e-01
5.100000e-02	5.700000e-02	4.625347e+00	3.776580e-01	3.776580e-01
5.700000e-02	6.400000e-02	3.726709e+00	3.204534e-01	3.204534e-01
6.400000e-02	7.200000e-02	3.977799e+00	3.085491e-01	3.085491e-01
7.200000e-02	8.100000e-02	3.679720e+00	2.765675e-01	2.765675e-01
8.100000e-02	9.100000e-02	3.052729e+00	2.390906e-01	2.390906e-01
9.100000e-02	1.020000e-01	3.061139e+00	2.293866e-01	2.293866e-01
1.020000e-01	1.140000e-01	2.728955e+00	2.108356e-01	2.108356e-01
1.140000e-01	1.280000e-01	2.286243e+00	1.768084e-01	1.768084e-01
1.280000e-01	1.450000e-01	2.122218e+00	1.535260e-01	1.535260e-01
1.450000e-01	1.650000e-01	1.729879e+00	1.285147e-01	1.285147e-01
1.650000e-01	1.890000e-01	1.780759e+00	1.176714e-01	1.176714e-01
1.890000e-01	2.190000e-01	1.288930e+00	9.168097e-02	9.168097e-02
2.190000e-01	2.580000e-01	1.100595e+00	7.440588e-02	7.440588e-02
2.580000e-01	3.120000e-01	8.702504e-01	5.566888e-02	5.566888e-02
3.120000e-01	3.910000e-01	6.065644e-01	3.812415e-02	3.812415e-02
3.910000e-01	5.240000e-01	3.505526e-01	2.251663e-02	2.251663e-02
5.240000e-01	6.950000e-01	1.828500e-01	1.431289e-02	1.431289e-02
6.950000e-01	9.180000e-01	8.296587e-02	8.460891e-03	8.460891e-03
9.180000e-01	1.153000e+00	4.645030e-02	6.148955e-03	6.148955e-03
1.153000e+00	1.496000e+00	2.427296e-02	3.618399e-03	3.618399e-03
1.496000e+00	1.947000e+00	9.845528e-03	2.009710e-03	2.009710e-03
1.947000e+00	2.522000e+00	6.113503e-03	1.474504e-03	1.474504e-03
2.522000e+00	3.277000e+00	3.675772e-03	9.490803e-04	9.490803e-04
3.277000e+00	5.000000e+00	1.718063e-03	4.295157e-04	4.295157e-04
5.000000e+00	1.000000e+01	4.070306e-04	1.227243e-04	1.227243e-04
# END HISTO1D

