# BEGIN PLOT
XTwosidedTicks=1
YTwosidedTicks=1
Title=$Z\rightarrow ee$, dressed level, $66\,\text{GeV}\leq m_{\ell\ell} < 116\,\text{GeV}$, $0.4 \leq |y_{\ell\ell}| < 0.8$
RatioPlotReference=/ATLAS_2015_I1408516/d18-x01-y01
RatioPlot=1
LogX=1
LogY=1
LegendXPos=0.05
XLabel=$p_\text{T}^{\ell\ell}$ [GeV]
YLabel=$1/\sigma$ $\text{d}\sigma/\text{d} p_\text{T}^{\ell\ell}$
XMin=0.9
DrawOnly=/ATLAS_2015_I1408516/d18-x01-y01 //afs/desy.de/user/m/mendizam/ATLAS/POWHEG/YODA_files/hdamp1-pTmin49_PSon-0.yoda/ATLAS_2015_I1408516/d18-x01-y01 //afs/desy.de/user/m/mendizam/ATLAS/POWHEG/YODA_files/hdamp1_pTmin100-PSon.yoda/ATLAS_2015_I1408516/d18-x01-y01
LegendYPos=0.3
Legend=1
LegendOnly=/ATLAS_2015_I1408516/d18-x01-y01 //afs/desy.de/user/m/mendizam/ATLAS/POWHEG/YODA_files/hdamp1-pTmin49_PSon-0.yoda/ATLAS_2015_I1408516/d18-x01-y01 //afs/desy.de/user/m/mendizam/ATLAS/POWHEG/YODA_files/hdamp1_pTmin100-PSon.yoda/ATLAS_2015_I1408516/d18-x01-y01
# END PLOT

# BEGIN HISTO1D /ATLAS_2015_I1408516/d18-x01-y01
ConnectBins=0
ErrorBars=1
IsRef=1
Path=/ATLAS_2015_I1408516/d18-x01-y01
PolyMarker=*
Title=Data
# xlow	 xhigh	 val	 errminus	 errplus
0.000000e+00	2.000000e+00	2.601000e-02	3.575784e-04	3.575784e-04
2.000000e+00	4.000000e+00	5.469000e-02	4.092625e-04	4.092625e-04
4.000000e+00	6.000000e+00	5.582000e-02	3.206615e-04	3.206615e-04
6.000000e+00	8.000000e+00	4.875000e-02	3.270249e-04	3.270249e-04
8.000000e+00	1.000000e+01	4.085000e-02	2.740301e-04	2.740301e-04
1.000000e+01	1.300000e+01	3.303000e-02	1.778720e-04	1.778720e-04
1.300000e+01	1.600000e+01	2.548000e-02	1.372140e-04	1.372140e-04
1.600000e+01	2.000000e+01	1.933000e-02	1.040952e-04	1.040952e-04
2.000000e+01	2.500000e+01	1.380000e-02	7.431527e-05	7.431527e-05
2.500000e+01	3.000000e+01	9.832000e-03	6.060852e-05	6.060852e-05
3.000000e+01	3.700000e+01	6.765000e-03	3.643064e-05	3.643064e-05
3.700000e+01	4.500000e+01	4.625000e-03	3.398667e-05	3.398667e-05
4.500000e+01	5.500000e+01	2.993000e-03	2.643346e-05	2.643346e-05
5.500000e+01	6.500000e+01	1.915000e-03	2.257752e-05	2.257752e-05
6.500000e+01	7.500000e+01	1.282000e-03	1.719983e-05	1.719983e-05
7.500000e+01	8.500000e+01	8.543000e-04	1.315178e-05	1.315178e-05
8.500000e+01	1.050000e+02	4.796000e-04	6.610830e-06	6.610830e-06
1.050000e+02	1.500000e+02	1.855000e-04	2.556941e-06	2.556941e-06
1.500000e+02	2.000000e+02	5.087000e-05	1.041283e-06	1.041283e-06
2.000000e+02	9.000000e+02	2.117000e-06	5.700197e-08	5.700197e-08
# END HISTO1D


# BEGIN HISTO1D //afs/desy.de/user/m/mendizam/ATLAS/POWHEG/YODA_files/hdamp1-pTmin49_PSon-0.yoda/ATLAS_2015_I1408516/d18-x01-y01
ErrorBars=1
LineColor=red
LineStyle=solid
Path=//afs/desy.de/user/m/mendizam/ATLAS/POWHEG/YODA_files/hdamp1-pTmin49_PSon-0.yoda/ATLAS_2015_I1408516/d18-x01-y01
ScaledBy=8.18541646632357203e-09
Title=POWHEG PS (hdamp1 pTsqmin49)
XLabel=~
YLabel=~
# xlow	 xhigh	 val	 errminus	 errplus
0.000000e+00	2.000000e+00	4.217859e-02	4.633448e-04	4.633448e-04
2.000000e+00	4.000000e+00	5.238000e-02	5.168165e-04	5.168165e-04
4.000000e+00	6.000000e+00	5.150170e-02	5.136020e-04	5.136020e-04
6.000000e+00	8.000000e+00	4.467215e-02	4.798237e-04	4.798237e-04
8.000000e+00	1.000000e+01	3.930645e-02	4.504348e-04	4.504348e-04
1.000000e+01	1.300000e+01	3.208319e-02	3.326550e-04	3.326550e-04
1.300000e+01	1.600000e+01	2.536301e-02	2.963420e-04	2.963420e-04
1.600000e+01	2.000000e+01	1.914340e-02	2.223998e-04	2.223998e-04
2.000000e+01	2.500000e+01	1.412952e-02	1.717287e-04	1.717287e-04
2.500000e+01	3.000000e+01	1.005704e-02	1.442336e-04	1.442336e-04
3.000000e+01	3.700000e+01	6.922561e-03	1.013652e-04	1.013652e-04
3.700000e+01	4.500000e+01	4.594670e-03	7.724590e-05	7.724590e-05
4.500000e+01	5.500000e+01	2.826712e-03	5.429036e-05	5.429036e-05
5.500000e+01	6.500000e+01	1.830296e-03	4.329268e-05	4.329268e-05
6.500000e+01	7.500000e+01	1.182172e-03	3.495692e-05	3.495692e-05
7.500000e+01	8.500000e+01	7.662410e-04	2.821299e-05	2.821299e-05
8.500000e+01	1.050000e+02	4.351118e-04	1.492277e-05	1.492277e-05
1.050000e+02	1.500000e+02	1.500850e-04	5.863021e-06	5.863021e-06
1.500000e+02	2.000000e+02	3.836252e-05	2.797720e-06	2.797720e-06
2.000000e+02	9.000000e+02	2.047924e-06	1.718580e-07	1.718580e-07
# END HISTO1D


# BEGIN HISTO1D //afs/desy.de/user/m/mendizam/ATLAS/POWHEG/YODA_files/hdamp1_pTmin100-PSon.yoda/ATLAS_2015_I1408516/d18-x01-y01
ErrorBars=1
LineColor=blue
LineStyle=solid
Path=//afs/desy.de/user/m/mendizam/ATLAS/POWHEG/YODA_files/hdamp1_pTmin100-PSon.yoda/ATLAS_2015_I1408516/d18-x01-y01
ScaledBy=8.17518252928221091e-09
Title=POWHEG PS (hdamp1 pTsqmin100)
XLabel=~
YLabel=~
# xlow	 xhigh	 val	 errminus	 errplus
0.000000e+00	2.000000e+00	4.213593e-02	4.626007e-04	4.626007e-04
2.000000e+00	4.000000e+00	5.020215e-02	5.070545e-04	5.070545e-04
4.000000e+00	6.000000e+00	5.033830e-02	5.069292e-04	5.069292e-04
6.000000e+00	8.000000e+00	4.552375e-02	4.832376e-04	4.832376e-04
8.000000e+00	1.000000e+01	4.059327e-02	4.574627e-04	4.574627e-04
1.000000e+01	1.300000e+01	3.211365e-02	3.318819e-04	3.318819e-04
1.300000e+01	1.600000e+01	2.513637e-02	2.949776e-04	2.949776e-04
1.600000e+01	2.000000e+01	1.949757e-02	2.244268e-04	2.244268e-04
2.000000e+01	2.500000e+01	1.408161e-02	1.713598e-04	1.713598e-04
2.500000e+01	3.000000e+01	1.022596e-02	1.465441e-04	1.465441e-04
3.000000e+01	3.700000e+01	6.847647e-03	1.009306e-04	1.009306e-04
3.700000e+01	4.500000e+01	4.633038e-03	7.752930e-05	7.752930e-05
4.500000e+01	5.500000e+01	2.900816e-03	5.482844e-05	5.482844e-05
5.500000e+01	6.500000e+01	1.829016e-03	4.348472e-05	4.348472e-05
6.500000e+01	7.500000e+01	1.183718e-03	3.498594e-05	3.498594e-05
7.500000e+01	8.500000e+01	7.098277e-04	2.694197e-05	2.694197e-05
8.500000e+01	1.050000e+02	4.527168e-04	1.520796e-05	1.520796e-05
1.050000e+02	1.500000e+02	1.572914e-04	5.987105e-06	5.987105e-06
1.500000e+02	2.000000e+02	4.275098e-05	2.936150e-06	2.936150e-06
2.000000e+02	9.000000e+02	2.333443e-06	1.833326e-07	1.833326e-07
# END HISTO1D

