# BEGIN PLOT
XTwosidedTicks=1
YTwosidedTicks=1
Title=$Z\rightarrow ee$, dressed level, $46\,\text{GeV}\leq m_{\ell\ell} < 66\,\text{GeV}$, $0.8\leq |y_{\ell\ell}| < 1.6$
RatioPlotReference=/ATLAS_2015_I1408516/d03-x01-y01
RatioPlot=1
LogX=1
LogY=1
LegendXPos=0.05
XLabel=$\phi^\ast_\eta$
YLabel=$1/\sigma$ $\text{d}\sigma/\text{d}\phi^\ast_\eta$
XMin=0.001
DrawOnly=/ATLAS_2015_I1408516/d03-x01-y01 //afs/desy.de/user/m/mendizam/ATLAS/POWHEG/YODA_files/hdampDef-0.yoda/ATLAS_2015_I1408516/d03-x01-y01 //afs/desy.de/user/m/mendizam/ATLAS/POWHEG/YODA_files/hdamp1_pTmin100_PSon-0.yoda/ATLAS_2015_I1408516/d03-x01-y01
LegendYPos=0.3
Legend=1
LegendOnly=/ATLAS_2015_I1408516/d03-x01-y01 //afs/desy.de/user/m/mendizam/ATLAS/POWHEG/YODA_files/hdampDef-0.yoda/ATLAS_2015_I1408516/d03-x01-y01 //afs/desy.de/user/m/mendizam/ATLAS/POWHEG/YODA_files/hdamp1_pTmin100_PSon-0.yoda/ATLAS_2015_I1408516/d03-x01-y01
# END PLOT

# BEGIN HISTO1D /ATLAS_2015_I1408516/d03-x01-y01
ConnectBins=0
ErrorBars=1
IsRef=1
Path=/ATLAS_2015_I1408516/d03-x01-y01
PolyMarker=*
Title=Data
# xlow	 xhigh	 val	 errminus	 errplus
0.000000e+00	4.000000e-03	7.182000e+00	4.344368e-01	4.344368e-01
4.000000e-03	8.000000e-03	7.048000e+00	2.657760e-01	2.657760e-01
8.000000e-03	1.200000e-02	6.842000e+00	2.254748e-01	2.254748e-01
1.200000e-02	1.600000e-02	6.408000e+00	1.996789e-01	1.996789e-01
1.600000e-02	2.000000e-02	6.302000e+00	2.038188e-01	2.038188e-01
2.000000e-02	2.400000e-02	6.328000e+00	1.971860e-01	1.971860e-01
2.400000e-02	2.900000e-02	6.279000e+00	1.705763e-01	1.705763e-01
2.900000e-02	3.400000e-02	6.047000e+00	1.644962e-01	1.644962e-01
3.400000e-02	3.900000e-02	5.803000e+00	1.758223e-01	1.758223e-01
3.900000e-02	4.500000e-02	5.295000e+00	1.393903e-01	1.393903e-01
4.500000e-02	5.100000e-02	5.149000e+00	1.416677e-01	1.416677e-01
5.100000e-02	5.700000e-02	4.906000e+00	1.364891e-01	1.364891e-01
5.700000e-02	6.400000e-02	4.396000e+00	1.168046e-01	1.168046e-01
6.400000e-02	7.200000e-02	4.289000e+00	1.142839e-01	1.142839e-01
7.200000e-02	8.100000e-02	3.884000e+00	1.008345e-01	1.008345e-01
8.100000e-02	9.100000e-02	3.645000e+00	9.141613e-02	9.141613e-02
9.100000e-02	1.020000e-01	3.172000e+00	8.142840e-02	8.142840e-02
1.020000e-01	1.140000e-01	2.869000e+00	7.365009e-02	7.365009e-02
1.140000e-01	1.280000e-01	2.520000e+00	6.633873e-02	6.633873e-02
1.280000e-01	1.450000e-01	2.092000e+00	5.246709e-02	5.246709e-02
1.450000e-01	1.650000e-01	1.806000e+00	4.688649e-02	4.688649e-02
1.650000e-01	1.890000e-01	1.462000e+00	3.753100e-02	3.753100e-02
1.890000e-01	2.190000e-01	1.216000e+00	3.109728e-02	3.109728e-02
2.190000e-01	2.580000e-01	9.890000e-01	2.446651e-02	2.446651e-02
2.580000e-01	3.120000e-01	7.380000e-01	1.812237e-02	1.812237e-02
3.120000e-01	3.910000e-01	5.540000e-01	1.385000e-02	1.385000e-02
3.910000e-01	5.240000e-01	3.250000e-01	8.437491e-03	8.437491e-03
5.240000e-01	6.950000e-01	1.970000e-01	6.551546e-03	6.551546e-03
6.950000e-01	9.180000e-01	1.020000e-01	3.984533e-03	3.984533e-03
9.180000e-01	1.153000e+00	6.050000e-02	2.899585e-03	2.899585e-03
1.153000e+00	1.496000e+00	3.520000e-02	2.110826e-03	2.110826e-03
1.496000e+00	1.947000e+00	1.740000e-02	1.250139e-03	1.250139e-03
1.947000e+00	2.522000e+00	9.500000e-03	7.753420e-04	7.753420e-04
2.522000e+00	3.277000e+00	5.670000e-03	7.519968e-04	7.519968e-04
3.277000e+00	5.000000e+00	2.080000e-03	1.977094e-04	1.977094e-04
5.000000e+00	1.000000e+01	6.030000e-04	5.804482e-05	5.804482e-05
# END HISTO1D


# BEGIN HISTO1D //afs/desy.de/user/m/mendizam/ATLAS/POWHEG/YODA_files/hdampDef-0.yoda/ATLAS_2015_I1408516/d03-x01-y01
LineColor=red
LineStyle=solid
Path=//afs/desy.de/user/m/mendizam/ATLAS/POWHEG/YODA_files/hdampDef-0.yoda/ATLAS_2015_I1408516/d03-x01-y01
ScaledBy=3.72100242346656474e-07
Title=POWHEG+PS (hdamp1 pT10)
XLabel=~
YLabel=~
# xlow	 xhigh	 val	 errminus	 errplus
0.000000e+00	4.000000e-03	1.434144e+01	1.282738e+00	1.282738e+00
4.000000e-03	8.000000e-03	7.572280e+00	9.320834e-01	9.320834e-01
8.000000e-03	1.200000e-02	6.080770e+00	8.352582e-01	8.352582e-01
1.200000e-02	1.600000e-02	6.424965e+00	8.737691e-01	8.737691e-01
1.600000e-02	2.000000e-02	6.310235e+00	8.662040e-01	8.662040e-01
2.000000e-02	2.400000e-02	6.654427e+00	8.887066e-01	8.887066e-01
2.400000e-02	2.900000e-02	6.792106e+00	7.895665e-01	7.895665e-01
2.900000e-02	3.400000e-02	5.782470e+00	7.285226e-01	7.285226e-01
3.400000e-02	3.900000e-02	4.222120e+00	6.225177e-01	6.225177e-01
3.900000e-02	4.500000e-02	5.507113e+00	6.490196e-01	6.490196e-01
4.500000e-02	5.100000e-02	4.283310e+00	5.825128e-01	5.825128e-01
5.100000e-02	5.700000e-02	4.359798e+00	5.774693e-01	5.774693e-01
5.700000e-02	6.400000e-02	3.474726e+00	4.772904e-01	4.772904e-01
6.400000e-02	7.200000e-02	3.441946e+00	4.516985e-01	4.516985e-01
7.200000e-02	8.100000e-02	3.926368e+00	4.532249e-01	4.532249e-01
8.100000e-02	9.100000e-02	3.258375e+00	3.866981e-01	3.866981e-01
9.100000e-02	1.020000e-01	3.504526e+00	3.823752e-01	3.823752e-01
1.020000e-01	1.140000e-01	2.638825e+00	3.222484e-01	3.222484e-01
1.140000e-01	1.280000e-01	2.261850e+00	2.800762e-01	2.800762e-01
1.280000e-01	1.450000e-01	1.916691e+00	2.306510e-01	2.306510e-01
1.450000e-01	1.650000e-01	1.675080e+00	1.987208e-01	1.987208e-01
1.650000e-01	1.890000e-01	1.778339e+00	1.863774e-01	1.863774e-01
1.890000e-01	2.190000e-01	1.223803e+00	1.385251e-01	1.385251e-01
2.190000e-01	2.580000e-01	1.000224e+00	1.146938e-01	1.146938e-01
2.580000e-01	3.120000e-01	8.923563e-01	8.872833e-02	8.872833e-02
3.120000e-01	3.910000e-01	6.099651e-01	6.009074e-02	6.009074e-02
3.910000e-01	5.240000e-01	3.519583e-01	3.552582e-02	3.552582e-02
5.240000e-01	6.950000e-01	1.878645e-01	2.245410e-02	2.245410e-02
6.950000e-01	9.180000e-01	8.643453e-02	1.365099e-02	1.365099e-02
9.180000e-01	1.153000e+00	4.882191e-02	1.014745e-02	1.014745e-02
1.153000e+00	1.496000e+00	2.943548e-02	6.275669e-03	6.275669e-03
1.496000e+00	1.947000e+00	4.070297e-03	2.035149e-03	2.035149e-03
1.947000e+00	2.522000e+00	8.779456e-03	2.877707e-03	2.877707e-03
2.522000e+00	3.277000e+00	4.254944e-03	1.608218e-03	1.608218e-03
3.277000e+00	5.000000e+00	1.864471e-03	7.047036e-04	7.047036e-04
5.000000e+00	1.000000e+01	5.507114e-04	2.248270e-04	2.248270e-04
# END HISTO1D


# BEGIN HISTO1D //afs/desy.de/user/m/mendizam/ATLAS/POWHEG/YODA_files/hdamp1_pTmin100_PSon-0.yoda/ATLAS_2015_I1408516/d03-x01-y01
LineColor=blue
LineStyle=solid
Path=//afs/desy.de/user/m/mendizam/ATLAS/POWHEG/YODA_files/hdamp1_pTmin100_PSon-0.yoda/ATLAS_2015_I1408516/d03-x01-y01
ScaledBy=3.72613248195479881e-07
Title=hdamp1_pTmin100_PSon-0
XLabel=~
YLabel=~
# xlow	 xhigh	 val	 errminus	 errplus
0.000000e+00	4.000000e-03	1.275276e+01	1.210438e+00	1.210438e+00
4.000000e-03	8.000000e-03	8.272060e+00	9.748715e-01	9.748715e-01
8.000000e-03	1.200000e-02	6.089155e+00	8.520450e-01	8.520450e-01
1.200000e-02	1.600000e-02	6.433822e+00	8.597558e-01	8.597558e-01
1.600000e-02	2.000000e-02	5.055148e+00	7.792199e-01	7.792199e-01
2.000000e-02	2.400000e-02	5.859375e+00	8.364097e-01	8.364097e-01
2.400000e-02	2.900000e-02	6.985294e+00	8.012682e-01	8.012682e-01
2.900000e-02	3.400000e-02	3.952206e+00	6.165629e-01	6.165629e-01
3.400000e-02	3.900000e-02	5.974264e+00	7.410163e-01	7.410163e-01
3.900000e-02	4.500000e-02	5.055147e+00	6.316031e-01	6.316031e-01
4.500000e-02	5.100000e-02	4.901960e+00	6.127452e-01	6.127452e-01
5.100000e-02	5.700000e-02	4.365808e+00	6.079391e-01	6.079391e-01
5.700000e-02	6.400000e-02	3.807773e+00	5.085325e-01	5.085325e-01
6.400000e-02	7.200000e-02	4.423254e+00	5.105810e-01	5.105810e-01
7.200000e-02	8.100000e-02	3.829657e+00	4.422106e-01	4.422106e-01
8.100000e-02	9.100000e-02	2.573529e+00	3.439023e-01	3.439023e-01
9.100000e-02	1.020000e-01	3.008022e+00	3.544987e-01	3.544987e-01
1.020000e-01	1.140000e-01	2.795649e+00	3.316580e-01	3.316580e-01
1.140000e-01	1.280000e-01	2.461922e+00	2.880437e-01	2.880437e-01
1.280000e-01	1.450000e-01	1.811202e+00	2.245519e-01	2.245519e-01
1.450000e-01	1.650000e-01	1.746323e+00	2.029357e-01	2.029357e-01
1.650000e-01	1.890000e-01	1.474418e+00	1.723346e-01	1.723346e-01
1.890000e-01	2.190000e-01	1.363358e+00	1.461304e-01	1.461304e-01
2.190000e-01	2.580000e-01	1.143005e+00	1.160546e-01	1.160546e-01
2.580000e-01	3.120000e-01	9.020970e-01	8.844215e-02	8.844215e-02
3.120000e-01	3.910000e-01	5.817200e-01	5.989175e-02	5.989175e-02
3.910000e-01	5.240000e-01	3.766309e-01	3.737510e-02	3.737510e-02
5.240000e-01	6.950000e-01	1.854360e-01	2.264510e-02	2.264510e-02
6.950000e-01	9.180000e-01	8.861448e-02	1.351358e-02	1.351358e-02
9.180000e-01	1.153000e+00	5.280038e-02	1.053106e-02	1.053106e-02
1.153000e+00	1.496000e+00	2.947606e-02	6.284321e-03	6.284321e-03
1.496000e+00	1.947000e+00	1.426569e-02	3.812664e-03	3.812664e-03
1.947000e+00	2.522000e+00	1.118926e-02	2.990455e-03	2.990455e-03
2.522000e+00	3.277000e+00	2.434748e-03	1.217374e-03	1.217374e-03
3.277000e+00	5.000000e+00	2.400481e-03	8.001605e-04	8.001605e-04
5.000000e+00	1.000000e+01	3.676470e-04	1.838235e-04	1.838235e-04
# END HISTO1D

