# BEGIN PLOT
XTwosidedTicks=1
YTwosidedTicks=1
Title=$Z\rightarrow ee$, dressed level, $46\,\text{GeV}\leq m_{\ell\ell} < 66\,\text{GeV}$, $1.6\leq |y_{\ell\ell}| < 2.4$
RatioPlotReference=/ATLAS_2015_I1408516/d04-x01-y01
RatioPlot=1
LogX=1
LogY=1
LegendXPos=0.05
XLabel=$\phi^\ast_\eta$
YLabel=$1/\sigma$ $\text{d}\sigma/\text{d}\phi^\ast_\eta$
XMin=0.001
DrawOnly=/ATLAS_2015_I1408516/d04-x01-y01 //afs/desy.de/user/m/mendizam/ATLAS/POWHEG/YODA_files/hdampDef-0.yoda/ATLAS_2015_I1408516/d04-x01-y01 //afs/desy.de/user/m/mendizam/ATLAS/POWHEG/YODA_files/hdamp1_pTmin100_PSon-0.yoda/ATLAS_2015_I1408516/d04-x01-y01
LegendYPos=0.3
Legend=1
LegendOnly=/ATLAS_2015_I1408516/d04-x01-y01 //afs/desy.de/user/m/mendizam/ATLAS/POWHEG/YODA_files/hdampDef-0.yoda/ATLAS_2015_I1408516/d04-x01-y01 //afs/desy.de/user/m/mendizam/ATLAS/POWHEG/YODA_files/hdamp1_pTmin100_PSon-0.yoda/ATLAS_2015_I1408516/d04-x01-y01
# END PLOT

# BEGIN HISTO1D /ATLAS_2015_I1408516/d04-x01-y01
ConnectBins=0
ErrorBars=1
IsRef=1
Path=/ATLAS_2015_I1408516/d04-x01-y01
PolyMarker=*
Title=Data
# xlow	 xhigh	 val	 errminus	 errplus
0.000000e+00	4.000000e-03	6.724000e+00	3.837985e-01	3.837985e-01
4.000000e-03	8.000000e-03	6.620000e+00	3.000255e-01	3.000255e-01
8.000000e-03	1.200000e-02	6.546000e+00	2.749320e-01	2.749320e-01
1.200000e-02	1.600000e-02	6.493000e+00	2.714664e-01	2.714664e-01
1.600000e-02	2.000000e-02	6.632000e+00	2.906753e-01	2.906753e-01
2.000000e-02	2.400000e-02	6.727000e+00	2.692481e-01	2.692481e-01
2.400000e-02	2.900000e-02	6.531000e+00	2.425280e-01	2.425280e-01
2.900000e-02	3.400000e-02	6.023000e+00	2.295071e-01	2.295071e-01
3.400000e-02	3.900000e-02	6.204000e+00	2.292963e-01	2.292963e-01
3.900000e-02	4.500000e-02	5.461000e+00	2.064374e-01	2.064374e-01
4.500000e-02	5.100000e-02	5.384000e+00	2.108714e-01	2.108714e-01
5.100000e-02	5.700000e-02	5.016000e+00	1.956240e-01	1.956240e-01
5.700000e-02	6.400000e-02	4.760000e+00	1.705648e-01	1.705648e-01
6.400000e-02	7.200000e-02	4.364000e+00	1.703638e-01	1.703638e-01
7.200000e-02	8.100000e-02	3.733000e+00	1.448192e-01	1.448192e-01
8.100000e-02	9.100000e-02	3.600000e+00	1.216033e-01	1.216033e-01
9.100000e-02	1.020000e-01	3.201000e+00	1.126279e-01	1.126279e-01
1.020000e-01	1.140000e-01	2.927000e+00	1.065846e-01	1.065846e-01
1.140000e-01	1.280000e-01	2.599000e+00	9.520999e-02	9.520999e-02
1.280000e-01	1.450000e-01	1.987000e+00	7.649305e-02	7.649305e-02
1.450000e-01	1.650000e-01	1.840000e+00	6.631662e-02	6.631662e-02
1.650000e-01	1.890000e-01	1.544000e+00	5.588342e-02	5.588342e-02
1.890000e-01	2.190000e-01	1.302000e+00	4.871638e-02	4.871638e-02
2.190000e-01	2.580000e-01	1.000000e+00	3.432200e-02	3.432200e-02
2.580000e-01	3.120000e-01	7.280000e-01	2.646958e-02	2.646958e-02
3.120000e-01	3.910000e-01	5.380000e-01	1.763130e-02	1.763130e-02
3.910000e-01	5.240000e-01	3.470000e-01	1.110942e-02	1.110942e-02
5.240000e-01	6.950000e-01	1.910000e-01	9.116124e-03	9.116124e-03
6.950000e-01	9.180000e-01	1.030000e-01	5.190015e-03	5.190015e-03
9.180000e-01	1.153000e+00	5.430000e-02	4.072138e-03	4.072138e-03
1.153000e+00	1.496000e+00	2.850000e-02	2.309204e-03	2.309204e-03
1.496000e+00	1.947000e+00	1.520000e-02	1.297086e-03	1.297086e-03
1.947000e+00	2.522000e+00	6.280000e-03	6.860451e-04	6.860451e-04
2.522000e+00	3.277000e+00	2.740000e-03	3.974889e-04	3.974889e-04
3.277000e+00	5.000000e+00	1.150000e-03	1.592034e-04	1.592034e-04
5.000000e+00	1.000000e+01	2.130000e-04	3.964147e-05	3.964147e-05
# END HISTO1D


# BEGIN HISTO1D //afs/desy.de/user/m/mendizam/ATLAS/POWHEG/YODA_files/hdampDef-0.yoda/ATLAS_2015_I1408516/d04-x01-y01
LineColor=red
LineStyle=solid
Path=//afs/desy.de/user/m/mendizam/ATLAS/POWHEG/YODA_files/hdampDef-0.yoda/ATLAS_2015_I1408516/d04-x01-y01
ScaledBy=7.82631687329495809e-07
Title=POWHEG+PS (hdamp1 pT10)
XLabel=~
YLabel=~
# xlow	 xhigh	 val	 errminus	 errplus
0.000000e+00	4.000000e-03	1.158301e+01	1.671864e+00	1.671864e+00
4.000000e-03	8.000000e-03	5.308880e+00	1.131857e+00	1.131857e+00
8.000000e-03	1.200000e-02	7.480695e+00	1.343572e+00	1.343572e+00
1.200000e-02	1.600000e-02	7.239382e+00	1.321724e+00	1.321724e+00
1.600000e-02	2.000000e-02	7.963320e+00	1.427625e+00	1.427625e+00
2.000000e-02	2.400000e-02	5.550193e+00	1.157295e+00	1.157295e+00
2.400000e-02	2.900000e-02	5.019306e+00	1.021526e+00	1.021526e+00
2.900000e-02	3.400000e-02	4.826254e+00	9.652511e-01	9.652511e-01
3.400000e-02	3.900000e-02	5.212356e+00	1.108989e+00	1.108989e+00
3.900000e-02	4.500000e-02	4.665380e+00	8.663392e-01	8.663392e-01
4.500000e-02	5.100000e-02	4.987130e+00	8.957150e-01	8.957150e-01
5.100000e-02	5.700000e-02	4.826255e+00	8.811495e-01	8.811495e-01
5.700000e-02	6.400000e-02	3.585219e+00	7.296611e-01	7.296611e-01
6.400000e-02	7.200000e-02	3.499035e+00	6.931181e-01	6.931181e-01
7.200000e-02	8.100000e-02	3.110253e+00	5.775595e-01	5.775595e-01
8.100000e-02	9.100000e-02	2.413127e+00	4.826255e-01	4.826255e-01
9.100000e-02	1.020000e-01	3.597754e+00	5.618747e-01	5.618747e-01
1.020000e-01	1.140000e-01	2.493565e+00	4.620787e-01	4.620787e-01
1.140000e-01	1.280000e-01	2.413127e+00	4.078930e-01	4.078930e-01
1.280000e-01	1.450000e-01	2.157620e+00	3.500122e-01	3.500122e-01
1.450000e-01	1.650000e-01	2.123552e+00	3.273325e-01	3.273325e-01
1.650000e-01	1.890000e-01	1.970721e+00	2.815315e-01	2.815315e-01
1.890000e-01	2.190000e-01	1.415701e+00	2.229152e-01	2.229152e-01
2.190000e-01	2.580000e-01	1.311751e+00	1.801829e-01	1.801829e-01
2.580000e-01	3.120000e-01	9.116259e-01	1.301321e-01	1.301321e-01
3.120000e-01	3.910000e-01	5.864816e-01	8.465132e-02	8.465132e-02
3.910000e-01	5.240000e-01	3.846489e-01	5.479312e-02	5.479312e-02
5.240000e-01	6.950000e-01	2.257897e-01	3.570049e-02	3.570049e-02
6.950000e-01	9.180000e-01	8.224112e-02	1.983559e-02	1.983559e-02
9.180000e-01	1.153000e+00	4.518196e-02	1.362287e-02	1.362287e-02
1.153000e+00	1.496000e+00	1.125657e-02	5.628286e-03	5.628286e-03
1.496000e+00	1.947000e+00	1.498172e-02	5.662559e-03	5.662559e-03
1.947000e+00	2.522000e+00	1.678697e-03	1.678697e-03	1.678697e-03
2.522000e+00	3.277000e+00	0.000000e+00	0.000000e+00	0.000000e+00
3.277000e+00	5.000000e+00	1.120431e-03	7.922641e-04	7.922641e-04
5.000000e+00	1.000000e+01	1.930502e-04	1.930502e-04	1.930502e-04
# END HISTO1D


# BEGIN HISTO1D //afs/desy.de/user/m/mendizam/ATLAS/POWHEG/YODA_files/hdamp1_pTmin100_PSon-0.yoda/ATLAS_2015_I1408516/d04-x01-y01
LineColor=blue
LineStyle=solid
Path=//afs/desy.de/user/m/mendizam/ATLAS/POWHEG/YODA_files/hdamp1_pTmin100_PSon-0.yoda/ATLAS_2015_I1408516/d04-x01-y01
ScaledBy=7.83387853210973642e-07
Title=hdamp1_pTmin100_PSon-0
XLabel=~
YLabel=~
# xlow	 xhigh	 val	 errminus	 errplus
0.000000e+00	4.000000e-03	1.400966e+01	1.839559e+00	1.839559e+00
4.000000e-03	8.000000e-03	7.971015e+00	1.387575e+00	1.387575e+00
8.000000e-03	1.200000e-02	6.038647e+00	1.255109e+00	1.255109e+00
1.200000e-02	1.600000e-02	6.280193e+00	1.231647e+00	1.231647e+00
1.600000e-02	2.000000e-02	7.971015e+00	1.387575e+00	1.387575e+00
2.000000e-02	2.400000e-02	5.797102e+00	1.183328e+00	1.183328e+00
2.400000e-02	2.900000e-02	5.410628e+00	1.022513e+00	1.022513e+00
2.900000e-02	3.400000e-02	6.183574e+00	1.093112e+00	1.093112e+00
3.400000e-02	3.900000e-02	5.990338e+00	1.075896e+00	1.075896e+00
3.900000e-02	4.500000e-02	6.119163e+00	9.926593e-01	9.926593e-01
4.500000e-02	5.100000e-02	3.059582e+00	7.379348e-01	7.379348e-01
5.100000e-02	5.700000e-02	4.025765e+00	8.671763e-01	8.671763e-01
5.700000e-02	6.400000e-02	5.244997e+00	8.508508e-01	8.508508e-01
6.400000e-02	7.200000e-02	5.434783e+00	8.279776e-01	8.279776e-01
7.200000e-02	8.100000e-02	2.898551e+00	5.578264e-01	5.578264e-01
8.100000e-02	9.100000e-02	2.608696e+00	5.020437e-01	5.020437e-01
9.100000e-02	1.020000e-01	2.371542e+00	4.730053e-01	4.730053e-01
1.020000e-01	1.140000e-01	2.737520e+00	4.830918e-01	4.830918e-01
1.140000e-01	1.280000e-01	2.967564e+00	4.525492e-01	4.525492e-01
1.280000e-01	1.450000e-01	1.932367e+00	3.313982e-01	3.313982e-01
1.450000e-01	1.650000e-01	2.463768e+00	3.516961e-01	3.516961e-01
1.650000e-01	1.890000e-01	1.650564e+00	2.577747e-01	2.577747e-01
1.890000e-01	2.190000e-01	1.288245e+00	2.087195e-01	2.087195e-01
2.190000e-01	2.580000e-01	9.909574e-01	1.605535e-01	1.605535e-01
2.580000e-01	3.120000e-01	8.588298e-01	1.239614e-01	1.239614e-01
3.120000e-01	3.910000e-01	7.460405e-01	9.860280e-02	9.860280e-02
3.910000e-01	5.240000e-01	2.252007e-01	4.044724e-02	4.044724e-02
5.240000e-01	6.950000e-01	1.864565e-01	3.342701e-02	3.342701e-02
6.950000e-01	9.180000e-01	7.798789e-02	1.838193e-02	1.838193e-02
9.180000e-01	1.153000e+00	6.167128e-02	1.592346e-02	1.592346e-02
1.153000e+00	1.496000e+00	5.633723e-03	3.983644e-03	3.983644e-03
1.496000e+00	1.947000e+00	1.071157e-02	4.790360e-03	4.790360e-03
1.947000e+00	2.522000e+00	0.000000e+00	0.000000e+00	0.000000e+00
2.522000e+00	3.277000e+00	1.279713e-03	1.279713e-03	1.279713e-03
3.277000e+00	5.000000e+00	5.607566e-04	5.607566e-04	5.607566e-04
5.000000e+00	1.000000e+01	1.932367e-04	1.932367e-04	1.932367e-04
# END HISTO1D

