# BEGIN PLOT
XTwosidedTicks=1
YTwosidedTicks=1
Title=$Z\rightarrow ee$, dressed level, $66\,\text{GeV}\leq m_{\ell\ell} < 116\,\text{GeV}$, $0.8\leq |y_{\ell\ell}| < 1.2$
RatioPlotReference=/ATLAS_2015_I1408516/d07-x01-y01
RatioPlot=1
LogX=1
LogY=1
LegendXPos=0.05
XLabel=$\phi^\ast_\eta$
YLabel=$1/\sigma$ $\text{d}\sigma/\text{d}\phi^\ast_\eta$
XMin=0.001
DrawOnly=/ATLAS_2015_I1408516/d07-x01-y01 //afs/desy.de/user/m/mendizam/ATLAS/POWHEG/YODA_files/hdampDef-0.yoda/ATLAS_2015_I1408516/d07-x01-y01 //afs/desy.de/user/m/mendizam/ATLAS/POWHEG/YODA_files/hdamp1-0.yoda/ATLAS_2015_I1408516/d07-x01-y01 //afs/desy.de/user/m/mendizam/ATLAS/POWHEG/YODA_files/hdamp0008-0.yoda/ATLAS_2015_I1408516/d07-x01-y01
LegendYPos=0.3
Legend=1
LegendOnly=/ATLAS_2015_I1408516/d07-x01-y01 //afs/desy.de/user/m/mendizam/ATLAS/POWHEG/YODA_files/hdampDef-0.yoda/ATLAS_2015_I1408516/d07-x01-y01 //afs/desy.de/user/m/mendizam/ATLAS/POWHEG/YODA_files/hdamp1-0.yoda/ATLAS_2015_I1408516/d07-x01-y01 //afs/desy.de/user/m/mendizam/ATLAS/POWHEG/YODA_files/hdamp0008-0.yoda/ATLAS_2015_I1408516/d07-x01-y01
# END PLOT

# BEGIN HISTO1D /ATLAS_2015_I1408516/d07-x01-y01
ConnectBins=0
ErrorBars=1
IsRef=1
Path=/ATLAS_2015_I1408516/d07-x01-y01
PolyMarker=*
Title=Data
# xlow	 xhigh	 val	 errminus	 errplus
0.000000e+00	4.000000e-03	9.387000e+00	4.301664e-02	4.301664e-02
4.000000e-03	8.000000e-03	9.268000e+00	3.932079e-02	3.932079e-02
8.000000e-03	1.200000e-02	9.252000e+00	3.925291e-02	3.925291e-02
1.200000e-02	1.600000e-02	8.913000e+00	4.881851e-02	4.881851e-02
1.600000e-02	2.000000e-02	8.699000e+00	4.764639e-02	4.764639e-02
2.000000e-02	2.400000e-02	8.264000e+00	4.294100e-02	4.294100e-02
2.400000e-02	2.900000e-02	7.876000e+00	3.341504e-02	3.341504e-02
2.900000e-02	3.400000e-02	7.364000e+00	3.374609e-02	3.374609e-02
3.400000e-02	3.900000e-02	6.923000e+00	3.791883e-02	3.791883e-02
3.900000e-02	4.500000e-02	6.430000e+00	2.728018e-02	2.728018e-02
4.500000e-02	5.100000e-02	5.921000e+00	3.076642e-02	3.076642e-02
5.100000e-02	5.700000e-02	5.410000e+00	2.811118e-02	2.811118e-02
5.700000e-02	6.400000e-02	5.012000e+00	2.604312e-02	2.604312e-02
6.400000e-02	7.200000e-02	4.492000e+00	2.334112e-02	2.334112e-02
7.200000e-02	8.100000e-02	4.019000e+00	2.088334e-02	2.088334e-02
8.100000e-02	9.100000e-02	3.589000e+00	1.864899e-02	1.864899e-02
9.100000e-02	1.020000e-01	3.141000e+00	1.632111e-02	1.632111e-02
1.020000e-01	1.140000e-01	2.755000e+00	1.431540e-02	1.431540e-02
1.140000e-01	1.280000e-01	2.394000e+00	1.243959e-02	1.243959e-02
1.280000e-01	1.450000e-01	2.029000e+00	1.054299e-02	1.054299e-02
1.450000e-01	1.650000e-01	1.695000e+00	8.807478e-03	8.807478e-03
1.650000e-01	1.890000e-01	1.378000e+00	7.160298e-03	7.160298e-03
1.890000e-01	2.190000e-01	1.106000e+00	5.746945e-03	5.746945e-03
2.190000e-01	2.580000e-01	8.450000e-01	4.390749e-03	4.390749e-03
2.580000e-01	3.120000e-01	6.140000e-01	3.363017e-03	3.363017e-03
3.120000e-01	3.910000e-01	4.090000e-01	2.419677e-03	2.419677e-03
3.910000e-01	5.240000e-01	2.380000e-01	1.408027e-03	1.408027e-03
5.240000e-01	6.950000e-01	1.220000e-01	8.965132e-04	8.965132e-04
6.950000e-01	9.180000e-01	6.240000e-02	5.107660e-04	5.107660e-04
9.180000e-01	1.153000e+00	3.210000e-02	3.486953e-04	3.486953e-04
1.153000e+00	1.496000e+00	1.650000e-02	1.993703e-04	1.993703e-04
1.496000e+00	1.947000e+00	8.010000e-03	1.209483e-04	1.209483e-04
1.947000e+00	2.522000e+00	4.120000e-03	7.381587e-05	7.381587e-05
2.522000e+00	3.277000e+00	2.100000e-03	4.653289e-05	4.653289e-05
3.277000e+00	5.000000e+00	9.420000e-04	2.168647e-05	2.168647e-05
5.000000e+00	1.000000e+01	2.820000e-04	6.849756e-06	6.849756e-06
# END HISTO1D


# BEGIN HISTO1D //afs/desy.de/user/m/mendizam/ATLAS/POWHEG/YODA_files/hdampDef-0.yoda/ATLAS_2015_I1408516/d07-x01-y01
ErrorBars=1
LineColor=red
LineStyle=solid
Path=//afs/desy.de/user/m/mendizam/ATLAS/POWHEG/YODA_files/hdampDef-0.yoda/ATLAS_2015_I1408516/d07-x01-y01
ScaledBy=8.51658242013302057e-09
Title= POWHEG+Pythia 8 (hdamp=Default)
XLabel=~
YLabel=~
# xlow	 xhigh	 val	 errminus	 errplus
0.000000e+00	4.000000e-03	8.984285e+00	1.547686e-01	1.547686e-01
4.000000e-03	8.000000e-03	9.031557e+00	1.544563e-01	1.544563e-01
8.000000e-03	1.200000e-02	9.590940e+00	1.595737e-01	1.595737e-01
1.200000e-02	1.600000e-02	9.698615e+00	1.605862e-01	1.605862e-01
1.600000e-02	2.000000e-02	9.472760e+00	1.586852e-01	1.586852e-01
2.000000e-02	2.400000e-02	9.378217e+00	1.575511e-01	1.575511e-01
2.400000e-02	2.900000e-02	8.939640e+00	1.377540e-01	1.377540e-01
2.900000e-02	3.400000e-02	8.303044e+00	1.330432e-01	1.330432e-01
3.400000e-02	3.900000e-02	7.672752e+00	1.278662e-01	1.278662e-01
3.900000e-02	4.500000e-02	6.933210e+00	1.111455e-01	1.111455e-01
4.500000e-02	5.100000e-02	6.183863e+00	1.051653e-01	1.051653e-01
5.100000e-02	5.700000e-02	5.735655e+00	1.010325e-01	1.010325e-01
5.700000e-02	6.400000e-02	5.270440e+00	8.966573e-02	8.966573e-02
6.400000e-02	7.200000e-02	4.594565e+00	7.846850e-02	7.846850e-02
7.200000e-02	8.100000e-02	4.052543e+00	6.940712e-02	6.940712e-02
8.100000e-02	9.100000e-02	3.590562e+00	6.221860e-02	6.221860e-02
9.100000e-02	1.020000e-01	3.077925e+00	5.488479e-02	5.488479e-02
1.020000e-01	1.140000e-01	2.695373e+00	4.917098e-02	4.917098e-02
1.140000e-01	1.280000e-01	2.283307e+00	4.203955e-02	4.203955e-02
1.280000e-01	1.450000e-01	1.979240e+00	3.547066e-02	3.547066e-02
1.450000e-01	1.650000e-01	1.638233e+00	2.968902e-02	2.968902e-02
1.650000e-01	1.890000e-01	1.310044e+00	2.420856e-02	2.420856e-02
1.890000e-01	2.190000e-01	1.050136e+00	1.941111e-02	1.941111e-02
2.190000e-01	2.580000e-01	7.894810e-01	1.479004e-02	1.479004e-02
2.580000e-01	3.120000e-01	5.573413e-01	1.056055e-02	1.056055e-02
3.120000e-01	3.910000e-01	3.616865e-01	7.026208e-03	7.026208e-03
3.910000e-01	5.240000e-01	2.010931e-01	4.032050e-03	4.032050e-03
5.240000e-01	6.950000e-01	1.068916e-01	2.597635e-03	2.597635e-03
6.950000e-01	9.180000e-01	4.950946e-02	1.540191e-03	1.540191e-03
9.180000e-01	1.153000e+00	2.409414e-02	1.047391e-03	1.047391e-03
1.153000e+00	1.496000e+00	1.228120e-02	6.163449e-04	6.163449e-04
1.496000e+00	1.947000e+00	6.125896e-03	3.848533e-04	3.848533e-04
1.947000e+00	2.522000e+00	2.685591e-03	2.289140e-04	2.289140e-04
2.522000e+00	3.277000e+00	1.460942e-03	1.452636e-04	1.452636e-04
3.277000e+00	5.000000e+00	7.011370e-04	6.594745e-05	6.594745e-05
5.000000e+00	1.000000e+01	2.248040e-04	2.173263e-05	2.173263e-05
# END HISTO1D


# BEGIN HISTO1D //afs/desy.de/user/m/mendizam/ATLAS/POWHEG/YODA_files/hdamp1-0.yoda/ATLAS_2015_I1408516/d07-x01-y01
ErrorBars=1
LineColor=blue
LineStyle=solid
Path=//afs/desy.de/user/m/mendizam/ATLAS/POWHEG/YODA_files/hdamp1-0.yoda/ATLAS_2015_I1408516/d07-x01-y01
ScaledBy=8.44405315578574021e-09
Title= POWHEG+Pythia 8 (hdamp=1.0)
XLabel=~
YLabel=~
# xlow	 xhigh	 val	 errminus	 errplus
0.000000e+00	4.000000e-03	9.352120e+00	1.570813e-01	1.570813e-01
4.000000e-03	8.000000e-03	9.219337e+00	1.561507e-01	1.561507e-01
8.000000e-03	1.200000e-02	9.771300e+00	1.606865e-01	1.606865e-01
1.200000e-02	1.600000e-02	9.888463e+00	1.613810e-01	1.613810e-01
1.600000e-02	2.000000e-02	1.006811e+01	1.628237e-01	1.628237e-01
2.000000e-02	2.400000e-02	9.854615e+00	1.610236e-01	1.610236e-01
2.400000e-02	2.900000e-02	8.920966e+00	1.371382e-01	1.371382e-01
2.900000e-02	3.400000e-02	8.258610e+00	1.319138e-01	1.319138e-01
3.400000e-02	3.900000e-02	7.679570e+00	1.276687e-01	1.276687e-01
3.900000e-02	4.500000e-02	6.897797e+00	1.102429e-01	1.102429e-01
4.500000e-02	5.100000e-02	6.415263e+00	1.064330e-01	1.064330e-01
5.100000e-02	5.700000e-02	5.634185e+00	9.998175e-02	9.998175e-02
5.700000e-02	6.400000e-02	5.172976e+00	8.855668e-02	8.855668e-02
6.400000e-02	7.200000e-02	4.704700e+00	7.939904e-02	7.939904e-02
7.200000e-02	8.100000e-02	4.132198e+00	6.976594e-02	6.976594e-02
8.100000e-02	9.100000e-02	3.598171e+00	6.184954e-02	6.184954e-02
9.100000e-02	1.020000e-01	3.171655e+00	5.552906e-02	5.552906e-02
1.020000e-01	1.140000e-01	2.731173e+00	4.922413e-02	4.922413e-02
1.140000e-01	1.280000e-01	2.272569e+00	4.174381e-02	4.174381e-02
1.280000e-01	1.450000e-01	1.960355e+00	3.514914e-02	3.514914e-02
1.450000e-01	1.650000e-01	1.599650e+00	2.924385e-02	2.924385e-02
1.650000e-01	1.890000e-01	1.293120e+00	2.405100e-02	2.405100e-02
1.890000e-01	2.190000e-01	9.970040e-01	1.885487e-02	1.885487e-02
2.190000e-01	2.580000e-01	7.861528e-01	1.465537e-02	1.465537e-02
2.580000e-01	3.120000e-01	5.531198e-01	1.042866e-02	1.042866e-02
3.120000e-01	3.910000e-01	3.435430e-01	6.827096e-03	6.827096e-03
3.910000e-01	5.240000e-01	1.876939e-01	3.873461e-03	3.873461e-03
5.240000e-01	6.950000e-01	9.293778e-02	2.411630e-03	2.411630e-03
6.950000e-01	9.180000e-01	4.562717e-02	1.467194e-03	1.467194e-03
9.180000e-01	1.153000e+00	2.313324e-02	1.018317e-03	1.018317e-03
1.153000e+00	1.496000e+00	1.117345e-02	5.840372e-04	5.840372e-04
1.496000e+00	1.947000e+00	5.819126e-03	3.680223e-04	3.680223e-04
1.947000e+00	2.522000e+00	3.097148e-03	2.395990e-04	2.395990e-04
2.522000e+00	3.277000e+00	1.379389e-03	1.406707e-04	1.406707e-04
3.277000e+00	5.000000e+00	6.830099e-04	6.481826e-05	6.481826e-05
5.000000e+00	1.000000e+01	1.874590e-04	1.975991e-05	1.975991e-05
# END HISTO1D


# BEGIN HISTO1D //afs/desy.de/user/m/mendizam/ATLAS/POWHEG/YODA_files/hdamp0008-0.yoda/ATLAS_2015_I1408516/d07-x01-y01
ErrorBars=1
LineColor=green
LineStyle=solid
Path=//afs/desy.de/user/m/mendizam/ATLAS/POWHEG/YODA_files/hdamp0008-0.yoda/ATLAS_2015_I1408516/d07-x01-y01
ScaledBy=8.29040802414410785e-09
Title= POWHEG+Pythia 8 (hdamp=0.008)
XLabel=~
YLabel=~
# xlow	 xhigh	 val	 errminus	 errplus
0.000000e+00	4.000000e-03	-4.048840e+01	1.653607e+00	1.653607e+00
4.000000e-03	8.000000e-03	4.117923e+01	1.022752e+00	1.022752e+00
8.000000e-03	1.200000e-02	1.228199e+01	1.001559e+00	1.001559e+00
1.200000e-02	1.600000e-02	1.209359e+01	8.270346e-01	8.270346e-01
1.600000e-02	2.000000e-02	1.595134e+01	6.586577e-01	6.586577e-01
2.000000e-02	2.400000e-02	1.577191e+01	5.599830e-01	5.599830e-01
2.400000e-02	2.900000e-02	1.456973e+01	4.183763e-01	4.183763e-01
2.900000e-02	3.400000e-02	1.248116e+01	3.642034e-01	3.642034e-01
3.400000e-02	3.900000e-02	1.071557e+01	3.240888e-01	3.240888e-01
3.900000e-02	4.500000e-02	8.564798e+00	2.585012e-01	2.585012e-01
4.500000e-02	5.100000e-02	7.679610e+00	2.378906e-01	2.378906e-01
5.100000e-02	5.700000e-02	6.441542e+00	2.149004e-01	2.149004e-01
5.700000e-02	6.400000e-02	5.813536e+00	1.826961e-01	1.826961e-01
6.400000e-02	7.200000e-02	4.727984e+00	1.570654e-01	1.570654e-01
7.200000e-02	8.100000e-02	3.987337e+00	1.335609e-01	1.335609e-01
8.100000e-02	9.100000e-02	3.419938e+00	1.158958e-01	1.158958e-01
9.100000e-02	1.020000e-01	2.799110e+00	9.980920e-02	9.980920e-02
1.020000e-01	1.140000e-01	2.221943e+00	8.421331e-02	8.421331e-02
1.140000e-01	1.280000e-01	1.843004e+00	7.108214e-02	7.108214e-02
1.280000e-01	1.450000e-01	1.572652e+00	6.011555e-02	6.011555e-02
1.450000e-01	1.650000e-01	1.187827e+00	4.747275e-02	4.747275e-02
1.650000e-01	1.890000e-01	9.793896e-01	3.936233e-02	3.936233e-02
1.890000e-01	2.190000e-01	7.691570e-01	3.066103e-02	3.066103e-02
2.190000e-01	2.580000e-01	5.235679e-01	2.225557e-02	2.225557e-02
2.580000e-01	3.120000e-01	4.146830e-01	1.678580e-02	1.678580e-02
3.120000e-01	3.910000e-01	2.516565e-01	1.073039e-02	1.073039e-02
3.910000e-01	5.240000e-01	1.473216e-01	6.304781e-03	6.304781e-03
5.240000e-01	6.950000e-01	7.240164e-02	3.897973e-03	3.897973e-03
6.950000e-01	9.180000e-01	3.749526e-02	2.456396e-03	2.456396e-03
9.180000e-01	1.153000e+00	2.030996e-02	1.761097e-03	1.761097e-03
1.153000e+00	1.496000e+00	8.997662e-03	9.702429e-04	9.702429e-04
1.496000e+00	1.947000e+00	5.092475e-03	6.365592e-04	6.365592e-04
1.947000e+00	2.522000e+00	2.434009e-03	3.897533e-04	3.897533e-04
2.522000e+00	3.277000e+00	1.948777e-03	3.043479e-04	3.043479e-04
3.277000e+00	5.000000e+00	6.873122e-04	1.196457e-04	1.196457e-04
5.000000e+00	1.000000e+01	1.794301e-04	3.588603e-05	3.588603e-05
# END HISTO1D

