# BEGIN PLOT
XTwosidedTicks=1
YTwosidedTicks=1
Title=$Z\rightarrow ee$, dressed level, $66\,\text{GeV}\leq m_{\ell\ell} < 116\,\text{GeV}$, $1.6\leq |y_{\ell\ell}| < 2.0$
RatioPlotReference=/ATLAS_2015_I1408516/d09-x01-y01
RatioPlot=1
LogX=1
LogY=1
LegendXPos=0.05
XLabel=$\phi^\ast_\eta$
YLabel=$1/\sigma$ $\text{d}\sigma/\text{d}\phi^\ast_\eta$
XMin=0.001
DrawOnly=/ATLAS_2015_I1408516/d09-x01-y01 //afs/desy.de/user/m/mendizam/ATLAS/POWHEG/YODA_files/hdampDef-0.yoda/ATLAS_2015_I1408516/d09-x01-y01 //afs/desy.de/user/m/mendizam/ATLAS/POWHEG/YODA_files/hdamp1-0.yoda/ATLAS_2015_I1408516/d09-x01-y01 //afs/desy.de/user/m/mendizam/ATLAS/POWHEG/YODA_files/hdamp0008-0.yoda/ATLAS_2015_I1408516/d09-x01-y01
LegendYPos=0.3
Legend=1
LegendOnly=/ATLAS_2015_I1408516/d09-x01-y01 //afs/desy.de/user/m/mendizam/ATLAS/POWHEG/YODA_files/hdampDef-0.yoda/ATLAS_2015_I1408516/d09-x01-y01 //afs/desy.de/user/m/mendizam/ATLAS/POWHEG/YODA_files/hdamp1-0.yoda/ATLAS_2015_I1408516/d09-x01-y01 //afs/desy.de/user/m/mendizam/ATLAS/POWHEG/YODA_files/hdamp0008-0.yoda/ATLAS_2015_I1408516/d09-x01-y01
# END PLOT

# BEGIN HISTO1D /ATLAS_2015_I1408516/d09-x01-y01
ConnectBins=0
ErrorBars=1
IsRef=1
Path=/ATLAS_2015_I1408516/d09-x01-y01
PolyMarker=*
Title=Data
# xlow	 xhigh	 val	 errminus	 errplus
0.000000e+00	4.000000e-03	9.378000e+00	6.891394e-02	6.891394e-02
4.000000e-03	8.000000e-03	9.264000e+00	6.145042e-02	6.145042e-02
8.000000e-03	1.200000e-02	9.014000e+00	5.979211e-02	5.979211e-02
1.200000e-02	1.600000e-02	8.875000e+00	6.700478e-02	6.700478e-02
1.600000e-02	2.000000e-02	8.592000e+00	6.486818e-02	6.486818e-02
2.000000e-02	2.400000e-02	8.207000e+00	6.196149e-02	6.196149e-02
2.400000e-02	2.900000e-02	7.721000e+00	5.121532e-02	5.121532e-02
2.900000e-02	3.400000e-02	7.439000e+00	4.934474e-02	4.934474e-02
3.400000e-02	3.900000e-02	6.755000e+00	5.099913e-02	5.099913e-02
3.900000e-02	4.500000e-02	6.394000e+00	4.241300e-02	4.241300e-02
4.500000e-02	5.100000e-02	5.878000e+00	4.437793e-02	4.437793e-02
5.100000e-02	5.700000e-02	5.309000e+00	4.008207e-02	4.008207e-02
5.700000e-02	6.400000e-02	4.899000e+00	3.698664e-02	3.698664e-02
6.400000e-02	7.200000e-02	4.508000e+00	2.990269e-02	2.990269e-02
7.200000e-02	8.100000e-02	4.011000e+00	3.001558e-02	3.001558e-02
8.100000e-02	9.100000e-02	3.574000e+00	2.968787e-02	2.968787e-02
9.100000e-02	1.020000e-01	3.159000e+00	2.384993e-02	2.384993e-02
1.020000e-01	1.140000e-01	2.806000e+00	2.061980e-02	2.061980e-02
1.140000e-01	1.280000e-01	2.407000e+00	1.768777e-02	1.768777e-02
1.280000e-01	1.450000e-01	2.072000e+00	1.522603e-02	1.522603e-02
1.450000e-01	1.650000e-01	1.730000e+00	1.306121e-02	1.306121e-02
1.650000e-01	1.890000e-01	1.417000e+00	1.069812e-02	1.069812e-02
1.890000e-01	2.190000e-01	1.137000e+00	9.780844e-03	9.780844e-03
2.190000e-01	2.580000e-01	8.710000e-01	7.492625e-03	7.492625e-03
2.580000e-01	3.120000e-01	6.430000e-01	5.341159e-03	5.341159e-03
3.120000e-01	3.910000e-01	4.280000e-01	3.681795e-03	3.681795e-03
3.910000e-01	5.240000e-01	2.440000e-01	2.222946e-03	2.222946e-03
5.240000e-01	6.950000e-01	1.250000e-01	1.346291e-03	1.346291e-03
6.950000e-01	9.180000e-01	6.210000e-02	7.976889e-04	7.976889e-04
9.180000e-01	1.153000e+00	3.050000e-02	5.011661e-04	5.011661e-04
1.153000e+00	1.496000e+00	1.480000e-02	2.792458e-04	2.792458e-04
1.496000e+00	1.947000e+00	6.430000e-03	1.544539e-04	1.544539e-04
1.947000e+00	2.522000e+00	2.740000e-03	8.621209e-05	8.621209e-05
2.522000e+00	3.277000e+00	1.310000e-03	5.054971e-05	5.054971e-05
3.277000e+00	5.000000e+00	5.100000e-04	2.140178e-05	2.140178e-05
5.000000e+00	1.000000e+01	1.410000e-04	6.327743e-06	6.327743e-06
# END HISTO1D


# BEGIN HISTO1D //afs/desy.de/user/m/mendizam/ATLAS/POWHEG/YODA_files/hdampDef-0.yoda/ATLAS_2015_I1408516/d09-x01-y01
ErrorBars=1
LineColor=red
LineStyle=solid
Path=//afs/desy.de/user/m/mendizam/ATLAS/POWHEG/YODA_files/hdampDef-0.yoda/ATLAS_2015_I1408516/d09-x01-y01
ScaledBy=1.57947270918989645e-08
Title= POWHEG+Pythia 8 (hdamp=Default)
XLabel=~
YLabel=~
# xlow	 xhigh	 val	 errminus	 errplus
0.000000e+00	4.000000e-03	9.833623e+00	2.194988e-01	2.194988e-01
4.000000e-03	8.000000e-03	9.215062e+00	2.124137e-01	2.124137e-01
8.000000e-03	1.200000e-02	9.799527e+00	2.191202e-01	2.191202e-01
1.200000e-02	1.600000e-02	1.026223e+01	2.245209e-01	2.245209e-01
1.600000e-02	2.000000e-02	9.721600e+00	2.190119e-01	2.190119e-01
2.000000e-02	2.400000e-02	9.312475e+00	2.139715e-01	2.139715e-01
2.400000e-02	2.900000e-02	8.887764e+00	1.866631e-01	1.866631e-01
2.900000e-02	3.400000e-02	8.159130e+00	1.791512e-01	1.791512e-01
3.400000e-02	3.900000e-02	7.668180e+00	1.739922e-01	1.739922e-01
3.900000e-02	4.500000e-02	6.828498e+00	1.495396e-01	1.495396e-01
4.500000e-02	5.100000e-02	6.227798e+00	1.427215e-01	1.427215e-01
5.100000e-02	5.700000e-02	5.727757e+00	1.373765e-01	1.373765e-01
5.700000e-02	6.400000e-02	4.901156e+00	1.175208e-01	1.175208e-01
6.400000e-02	7.200000e-02	4.605096e+00	1.064578e-01	1.064578e-01
7.200000e-02	8.100000e-02	4.097749e+00	9.477761e-02	9.477761e-02
8.100000e-02	9.100000e-02	3.454188e+00	8.258691e-02	8.258691e-02
9.100000e-02	1.020000e-01	3.032133e+00	7.366608e-02	7.366608e-02
1.020000e-01	1.140000e-01	2.738867e+00	6.715540e-02	6.715540e-02
1.140000e-01	1.280000e-01	2.258539e+00	5.654350e-02	5.654350e-02
1.280000e-01	1.450000e-01	1.957385e+00	4.761115e-02	4.761115e-02
1.450000e-01	1.650000e-01	1.605330e+00	3.992655e-02	3.992655e-02
1.650000e-01	1.890000e-01	1.308552e+00	3.279337e-02	3.279337e-02
1.890000e-01	2.190000e-01	1.055284e+00	2.629090e-02	2.629090e-02
2.190000e-01	2.580000e-01	7.997677e-01	2.014960e-02	2.014960e-02
2.580000e-01	3.120000e-01	5.696730e-01	1.452563e-02	1.452563e-02
3.120000e-01	3.910000e-01	3.696678e-01	9.643038e-03	9.643038e-03
3.910000e-01	5.240000e-01	2.145968e-01	5.648603e-03	5.648603e-03
5.240000e-01	6.950000e-01	1.000312e-01	3.395061e-03	3.395061e-03
6.950000e-01	9.180000e-01	4.839964e-02	2.067409e-03	2.067409e-03
9.180000e-01	1.153000e+00	2.487085e-02	1.440697e-03	1.440697e-03
1.153000e+00	1.496000e+00	1.067827e-02	7.870344e-04	7.870344e-04
1.496000e+00	1.947000e+00	4.622155e-03	4.468405e-04	4.468405e-04
1.947000e+00	2.522000e+00	2.032922e-03	2.667873e-04	2.667873e-04
2.522000e+00	3.277000e+00	7.483216e-04	1.389598e-04	1.389598e-04
3.277000e+00	5.000000e+00	3.618278e-04	6.396272e-05	6.396272e-05
5.000000e+00	1.000000e+01	6.623936e-05	1.606540e-05	1.606540e-05
# END HISTO1D


# BEGIN HISTO1D //afs/desy.de/user/m/mendizam/ATLAS/POWHEG/YODA_files/hdamp1-0.yoda/ATLAS_2015_I1408516/d09-x01-y01
ErrorBars=1
LineColor=blue
LineStyle=solid
Path=//afs/desy.de/user/m/mendizam/ATLAS/POWHEG/YODA_files/hdamp1-0.yoda/ATLAS_2015_I1408516/d09-x01-y01
ScaledBy=1.57029559606518397e-08
Title= POWHEG+Pythia 8 (hdamp=1.0)
XLabel=~
YLabel=~
# xlow	 xhigh	 val	 errminus	 errplus
0.000000e+00	4.000000e-03	9.698067e+00	2.177721e-01	2.177721e-01
4.000000e-03	8.000000e-03	9.194522e+00	2.114363e-01	2.114363e-01
8.000000e-03	1.200000e-02	1.008057e+01	2.223000e-01	2.223000e-01
1.200000e-02	1.600000e-02	1.070515e+01	2.286936e-01	2.286936e-01
1.600000e-02	2.000000e-02	9.833638e+00	2.197012e-01	2.197012e-01
2.000000e-02	2.400000e-02	9.325250e+00	2.130379e-01	2.130379e-01
2.400000e-02	2.900000e-02	9.032808e+00	1.880902e-01	1.880902e-01
2.900000e-02	3.400000e-02	8.188402e+00	1.789334e-01	1.789334e-01
3.400000e-02	3.900000e-02	7.646124e+00	1.729644e-01	1.729644e-01
3.900000e-02	4.500000e-02	6.826897e+00	1.490063e-01	1.490063e-01
4.500000e-02	5.100000e-02	6.284618e+00	1.430850e-01	1.430850e-01
5.100000e-02	5.700000e-02	5.532530e+00	1.344118e-01	1.344118e-01
5.700000e-02	6.400000e-02	5.129510e+00	1.195789e-01	1.195789e-01
6.400000e-02	7.200000e-02	4.681993e+00	1.071225e-01	1.071225e-01
7.200000e-02	8.100000e-02	4.084302e+00	9.438962e-02	9.438962e-02
8.100000e-02	9.100000e-02	3.524809e+00	8.352581e-02	8.352581e-02
9.100000e-02	1.020000e-01	3.045914e+00	7.407270e-02	7.407270e-02
1.020000e-01	1.140000e-01	2.714619e+00	6.670017e-02	6.670017e-02
1.140000e-01	1.280000e-01	2.419502e+00	5.828213e-02	5.828213e-02
1.280000e-01	1.450000e-01	1.973164e+00	4.779381e-02	4.779381e-02
1.450000e-01	1.650000e-01	1.542588e+00	3.905962e-02	3.905962e-02
1.650000e-01	1.890000e-01	1.363765e+00	3.346703e-02	3.346703e-02
1.890000e-01	2.190000e-01	1.061962e+00	2.624698e-02	2.624698e-02
2.190000e-01	2.580000e-01	7.612754e-01	1.963266e-02	1.963266e-02
2.580000e-01	3.120000e-01	5.612869e-01	1.435047e-02	1.435047e-02
3.120000e-01	3.910000e-01	3.498333e-01	9.344799e-03	9.344799e-03
3.910000e-01	5.240000e-01	1.973113e-01	5.376016e-03	5.376016e-03
5.240000e-01	6.950000e-01	9.774146e-02	3.357860e-03	3.357860e-03
6.950000e-01	9.180000e-01	4.420559e-02	1.963224e-03	1.963224e-03
9.180000e-01	1.153000e+00	2.142741e-02	1.328872e-03	1.328872e-03
1.153000e+00	1.496000e+00	1.061520e-02	7.741926e-04	7.741926e-04
1.496000e+00	1.947000e+00	4.208368e-03	4.294253e-04	4.294253e-04
1.947000e+00	2.522000e+00	1.953550e-03	2.565136e-04	2.565136e-04
2.522000e+00	3.277000e+00	6.669460e-04	1.307989e-04	1.307989e-04
3.277000e+00	5.000000e+00	3.821711e-04	6.554180e-05	6.554180e-05
5.000000e+00	1.000000e+01	7.359492e-05	1.688383e-05	1.688383e-05
# END HISTO1D


# BEGIN HISTO1D //afs/desy.de/user/m/mendizam/ATLAS/POWHEG/YODA_files/hdamp0008-0.yoda/ATLAS_2015_I1408516/d09-x01-y01
ErrorBars=1
LineColor=green
LineStyle=solid
Path=//afs/desy.de/user/m/mendizam/ATLAS/POWHEG/YODA_files/hdamp0008-0.yoda/ATLAS_2015_I1408516/d09-x01-y01
ScaledBy=1.53338981813977180e-08
Title= POWHEG+Pythia 8 (hdamp=0.008)
XLabel=~
YLabel=~
# xlow	 xhigh	 val	 errminus	 errplus
0.000000e+00	4.000000e-03	-3.390083e+01	2.150079e+00	2.150079e+00
4.000000e-03	8.000000e-03	3.932695e+01	1.327285e+00	1.327285e+00
8.000000e-03	1.200000e-02	1.329152e+01	1.288655e+00	1.288655e+00
1.200000e-02	1.600000e-02	1.377273e+01	1.049999e+00	1.049999e+00
1.600000e-02	2.000000e-02	1.481813e+01	8.413817e-01	8.413817e-01
2.000000e-02	2.400000e-02	1.510023e+01	7.067416e-01	7.067416e-01
2.400000e-02	2.900000e-02	1.473517e+01	5.521475e-01	5.521475e-01
2.900000e-02	3.400000e-02	1.245188e+01	4.730792e-01	4.730792e-01
3.400000e-02	3.900000e-02	1.002257e+01	4.170524e-01	4.170524e-01
3.900000e-02	4.500000e-02	8.130890e+00	3.342614e-01	3.342614e-01
4.500000e-02	5.100000e-02	6.294527e+00	2.970424e-01	2.970424e-01
5.100000e-02	5.700000e-02	5.840967e+00	2.776650e-01	2.776650e-01
5.700000e-02	6.400000e-02	4.959133e+00	2.378096e-01	2.378096e-01
6.400000e-02	7.200000e-02	4.812160e+00	2.131493e-01	2.131493e-01
7.200000e-02	8.100000e-02	3.975102e+00	1.819986e-01	1.819986e-01
8.100000e-02	9.100000e-02	3.166069e+00	1.503352e-01	1.503352e-01
9.100000e-02	1.020000e-01	2.516202e+00	1.298374e-01	1.298374e-01
1.020000e-01	1.140000e-01	2.267799e+00	1.165500e-01	1.165500e-01
1.140000e-01	1.280000e-01	1.773151e+00	9.576441e-02	9.576441e-02
1.280000e-01	1.450000e-01	1.452433e+00	7.730296e-02	7.730296e-02
1.450000e-01	1.650000e-01	1.294305e+00	6.703508e-02	6.703508e-02
1.650000e-01	1.890000e-01	1.042635e+00	5.468638e-02	5.468638e-02
1.890000e-01	2.190000e-01	7.832203e-01	4.232737e-02	4.232737e-02
2.190000e-01	2.580000e-01	5.701410e-01	3.179437e-02	3.179437e-02
2.580000e-01	3.120000e-01	4.068519e-01	2.249732e-02	2.249732e-02
3.120000e-01	3.910000e-01	2.831424e-01	1.542375e-02	1.542375e-02
3.910000e-01	5.240000e-01	1.557059e-01	8.815109e-03	8.815109e-03
5.240000e-01	6.950000e-01	8.306532e-02	5.678228e-03	5.678228e-03
6.950000e-01	9.180000e-01	4.077723e-02	3.483834e-03	3.483834e-03
9.180000e-01	1.153000e+00	1.835894e-02	2.277146e-03	2.277146e-03
1.153000e+00	1.496000e+00	8.901551e-03	1.312462e-03	1.312462e-03
1.496000e+00	1.947000e+00	4.267991e-03	7.925460e-04	7.925460e-04
1.947000e+00	2.522000e+00	1.731512e-03	4.470744e-04	4.470744e-04
2.522000e+00	3.277000e+00	8.791340e-04	2.780066e-04	2.780066e-04
3.277000e+00	5.000000e+00	4.237497e-04	1.277654e-04	1.277654e-04
5.000000e+00	1.000000e+01	1.460242e-04	4.402794e-05	4.402794e-05
# END HISTO1D

