# BEGIN PLOT
XTwosidedTicks=1
YTwosidedTicks=1
Title=$Z\rightarrow ee$, dressed level, $116\,\text{GeV}\leq m_{\ell\ell} < 150\,\text{GeV}$, $|y_{\ell\ell}| < 2.4$
RatioPlotReference=/ATLAS_2015_I1408516/d16-x01-y01
RatioPlot=1
LogX=1
LogY=1
LegendXPos=0.05
XLabel=$\phi^\ast_\eta$
YLabel=$1/\sigma$ $\text{d}\sigma/\text{d}\phi^\ast_\eta$
XMin=0.001
DrawOnly=/ATLAS_2015_I1408516/d16-x01-y01 //afs/desy.de/user/m/mendizam/ATLAS/POWHEG/YODA_files/hdampDef-0.yoda/ATLAS_2015_I1408516/d16-x01-y01 //afs/desy.de/user/m/mendizam/ATLAS/POWHEG/YODA_files/hdamp1-0.yoda/ATLAS_2015_I1408516/d16-x01-y01 //afs/desy.de/user/m/mendizam/ATLAS/POWHEG/YODA_files/hdamp0008-0.yoda/ATLAS_2015_I1408516/d16-x01-y01
LegendYPos=0.3
Legend=1
LegendOnly=/ATLAS_2015_I1408516/d16-x01-y01 //afs/desy.de/user/m/mendizam/ATLAS/POWHEG/YODA_files/hdampDef-0.yoda/ATLAS_2015_I1408516/d16-x01-y01 //afs/desy.de/user/m/mendizam/ATLAS/POWHEG/YODA_files/hdamp1-0.yoda/ATLAS_2015_I1408516/d16-x01-y01 //afs/desy.de/user/m/mendizam/ATLAS/POWHEG/YODA_files/hdamp0008-0.yoda/ATLAS_2015_I1408516/d16-x01-y01
# END PLOT

# BEGIN HISTO1D /ATLAS_2015_I1408516/d16-x01-y01
ConnectBins=0
ErrorBars=1
IsRef=1
Path=/ATLAS_2015_I1408516/d16-x01-y01
PolyMarker=*
Title=Data
# xlow	 xhigh	 val	 errminus	 errplus
0.000000e+00	4.000000e-03	1.137800e+01	3.549134e-01	3.549134e-01
4.000000e-03	8.000000e-03	1.162300e+01	2.492856e-01	2.492856e-01
8.000000e-03	1.200000e-02	1.095000e+01	2.351065e-01	2.351065e-01
1.200000e-02	1.600000e-02	1.081900e+01	2.284833e-01	2.284833e-01
1.600000e-02	2.000000e-02	9.950000e+00	2.161693e-01	2.161693e-01
2.000000e-02	2.400000e-02	9.516000e+00	2.067404e-01	2.067404e-01
2.400000e-02	2.900000e-02	8.890000e+00	1.826241e-01	1.826241e-01
2.900000e-02	3.400000e-02	7.962000e+00	1.776793e-01	1.776793e-01
3.400000e-02	3.900000e-02	7.172000e+00	1.606912e-01	1.606912e-01
3.900000e-02	4.500000e-02	6.523000e+00	1.417158e-01	1.417158e-01
4.500000e-02	5.100000e-02	6.099000e+00	1.381393e-01	1.381393e-01
5.100000e-02	5.700000e-02	5.466000e+00	1.288864e-01	1.288864e-01
5.700000e-02	6.400000e-02	4.992000e+00	1.130663e-01	1.130663e-01
6.400000e-02	7.200000e-02	4.404000e+00	1.024344e-01	1.024344e-01
7.200000e-02	8.100000e-02	4.017000e+00	9.098305e-02	9.098305e-02
8.100000e-02	9.100000e-02	3.397000e+00	8.010008e-02	8.010008e-02
9.100000e-02	1.020000e-01	3.067000e+00	7.980096e-02	7.980096e-02
1.020000e-01	1.140000e-01	2.480000e+00	7.599491e-02	7.599491e-02
1.140000e-01	1.280000e-01	2.131000e+00	5.280410e-02	5.280410e-02
1.280000e-01	1.450000e-01	1.859000e+00	4.621401e-02	4.621401e-02
1.450000e-01	1.650000e-01	1.530000e+00	3.791191e-02	3.791191e-02
1.650000e-01	1.890000e-01	1.219000e+00	3.273191e-02	3.273191e-02
1.890000e-01	2.190000e-01	9.660000e-01	2.801400e-02	2.801400e-02
2.190000e-01	2.580000e-01	7.510000e-01	2.109495e-02	2.109495e-02
2.580000e-01	3.120000e-01	5.360000e-01	1.821612e-02	1.821612e-02
3.120000e-01	3.910000e-01	3.560000e-01	1.191936e-02	1.191936e-02
3.910000e-01	5.240000e-01	2.040000e-01	7.503762e-03	7.503762e-03
5.240000e-01	6.950000e-01	9.880000e-02	5.125235e-03	5.125235e-03
6.950000e-01	9.180000e-01	5.150000e-02	2.929621e-03	2.929621e-03
9.180000e-01	1.153000e+00	2.520000e-02	1.887310e-03	1.887310e-03
1.153000e+00	1.496000e+00	1.440000e-02	1.568278e-03	1.568278e-03
1.496000e+00	1.947000e+00	6.510000e-03	6.113510e-04	6.113510e-04
1.947000e+00	2.522000e+00	2.500000e-03	4.135668e-04	4.135668e-04
2.522000e+00	3.277000e+00	1.320000e-03	2.367662e-04	2.367662e-04
3.277000e+00	5.000000e+00	6.680000e-04	1.110428e-04	1.110428e-04
5.000000e+00	1.000000e+01	2.290000e-04	3.869558e-05	3.869558e-05
# END HISTO1D


# BEGIN HISTO1D //afs/desy.de/user/m/mendizam/ATLAS/POWHEG/YODA_files/hdampDef-0.yoda/ATLAS_2015_I1408516/d16-x01-y01
ErrorBars=1
LineColor=red
LineStyle=solid
Path=//afs/desy.de/user/m/mendizam/ATLAS/POWHEG/YODA_files/hdampDef-0.yoda/ATLAS_2015_I1408516/d16-x01-y01
ScaledBy=7.71386819125214633e-07
Title= POWHEG+Pythia 8 (hdamp=Default)
XLabel=~
YLabel=~
# xlow	 xhigh	 val	 errminus	 errplus
0.000000e+00	4.000000e-03	1.070409e+01	1.595672e+00	1.595672e+00
4.000000e-03	8.000000e-03	1.117983e+01	1.630746e+00	1.630746e+00
8.000000e-03	1.200000e-02	7.849667e+00	1.366452e+00	1.366452e+00
1.200000e-02	1.600000e-02	1.308278e+01	1.764081e+00	1.764081e+00
1.600000e-02	2.000000e-02	1.141770e+01	1.648003e+00	1.648003e+00
2.000000e-02	2.400000e-02	1.070409e+01	1.595672e+00	1.595672e+00
2.400000e-02	2.900000e-02	1.122740e+01	1.461683e+00	1.461683e+00
2.900000e-02	3.400000e-02	8.563274e+00	1.276537e+00	1.276537e+00
3.400000e-02	3.900000e-02	5.518554e+00	1.024770e+00	1.024770e+00
3.900000e-02	4.500000e-02	7.611798e+00	1.098668e+00	1.098668e+00
4.500000e-02	5.100000e-02	6.184587e+00	9.903264e-01	9.903264e-01
5.100000e-02	5.700000e-02	5.867428e+00	9.645992e-01	9.645992e-01
5.700000e-02	6.400000e-02	4.485524e+00	7.808295e-01	7.808295e-01
6.400000e-02	7.200000e-02	4.281636e+00	7.136060e-01	7.136060e-01
7.200000e-02	8.100000e-02	3.700180e+00	6.430662e-01	6.430662e-01
8.100000e-02	9.100000e-02	2.949572e+00	5.465806e-01	5.465806e-01
9.100000e-02	1.020000e-01	2.940922e+00	5.043640e-01	5.043640e-01
1.020000e-01	1.140000e-01	2.299397e+00	4.269873e-01	4.269873e-01
1.140000e-01	1.280000e-01	2.378687e+00	4.133997e-01	4.133997e-01
1.280000e-01	1.450000e-01	2.574579e+00	3.877653e-01	3.877653e-01
1.450000e-01	1.650000e-01	9.990485e-01	2.180103e-01	2.180103e-01
1.650000e-01	1.890000e-01	1.427212e+00	2.378687e-01	2.378687e-01
1.890000e-01	2.190000e-01	8.563273e-01	1.765862e-01	1.765862e-01
2.190000e-01	2.580000e-01	7.563005e-01	1.358356e-01	1.358356e-01
2.580000e-01	3.120000e-01	3.876380e-01	8.631954e-02	8.631954e-02
3.120000e-01	3.910000e-01	3.974515e-01	6.918742e-02	6.918742e-02
3.910000e-01	5.240000e-01	1.931565e-01	3.717300e-02	3.717300e-02
5.240000e-01	6.950000e-01	7.789854e-02	2.081926e-02	2.081926e-02
6.950000e-01	9.180000e-01	5.546713e-02	1.538382e-02	1.538382e-02
9.180000e-01	1.153000e+00	2.834180e-02	1.071219e-02	1.071219e-02
1.153000e+00	1.496000e+00	1.664387e-02	6.794833e-03	6.794833e-03
1.496000e+00	1.947000e+00	4.219401e-03	2.983567e-03	2.983567e-03
1.947000e+00	2.522000e+00	1.654739e-03	1.654739e-03	1.654739e-03
2.522000e+00	3.277000e+00	0.000000e+00	0.000000e+00	0.000000e+00
3.277000e+00	5.000000e+00	1.104440e-03	7.809569e-04	7.809569e-04
5.000000e+00	1.000000e+01	0.000000e+00	0.000000e+00	0.000000e+00
# END HISTO1D


# BEGIN HISTO1D //afs/desy.de/user/m/mendizam/ATLAS/POWHEG/YODA_files/hdamp1-0.yoda/ATLAS_2015_I1408516/d16-x01-y01
ErrorBars=1
LineColor=blue
LineStyle=solid
Path=//afs/desy.de/user/m/mendizam/ATLAS/POWHEG/YODA_files/hdamp1-0.yoda/ATLAS_2015_I1408516/d16-x01-y01
ScaledBy=7.69266060790661112e-07
Title= POWHEG+Pythia 8 (hdamp=1.0)
XLabel=~
YLabel=~
# xlow	 xhigh	 val	 errminus	 errplus
0.000000e+00	4.000000e-03	1.138520e+01	1.677198e+00	1.677198e+00
4.000000e-03	8.000000e-03	9.487665e+00	1.500132e+00	1.500132e+00
8.000000e-03	1.200000e-02	1.257116e+01	1.726781e+00	1.726781e+00
1.200000e-02	1.600000e-02	9.962050e+00	1.537178e+00	1.537178e+00
1.600000e-02	2.000000e-02	9.962050e+00	1.537178e+00	1.537178e+00
2.000000e-02	2.400000e-02	1.280835e+01	1.742996e+00	1.742996e+00
2.400000e-02	2.900000e-02	6.641366e+00	1.154224e+00	1.154224e+00
2.900000e-02	3.400000e-02	9.677420e+00	1.355110e+00	1.355110e+00
3.400000e-02	3.900000e-02	9.487666e+00	1.341759e+00	1.341759e+00
3.900000e-02	4.500000e-02	9.013283e+00	1.193838e+00	1.193838e+00
4.500000e-02	5.100000e-02	5.376343e+00	9.220353e-01	9.220353e-01
5.100000e-02	5.700000e-02	5.060088e+00	8.945058e-01	8.945058e-01
5.700000e-02	6.400000e-02	4.201680e+00	7.546441e-01	7.546441e-01
6.400000e-02	7.200000e-02	4.032258e+00	6.915265e-01	6.915265e-01
7.200000e-02	8.100000e-02	3.900484e+00	6.412358e-01	6.412358e-01
8.100000e-02	9.100000e-02	4.079696e+00	6.221479e-01	6.221479e-01
9.100000e-02	1.020000e-01	2.328791e+00	4.481760e-01	4.481760e-01
1.020000e-01	1.140000e-01	2.925363e+00	4.809268e-01	4.809268e-01
1.140000e-01	1.280000e-01	3.049607e+00	4.546085e-01	4.546085e-01
1.280000e-01	1.450000e-01	1.953343e+00	3.301752e-01	3.301752e-01
1.450000e-01	1.650000e-01	1.233396e+00	2.510201e-01	2.510201e-01
1.650000e-01	1.890000e-01	1.027830e+00	2.015741e-01	2.015741e-01
1.890000e-01	2.190000e-01	8.538900e-01	1.643312e-01	1.643312e-01
2.190000e-01	2.580000e-01	6.811656e-01	1.287282e-01	1.287282e-01
2.580000e-01	3.120000e-01	4.392439e-01	9.461600e-02	9.461600e-02
3.120000e-01	3.910000e-01	3.002427e-01	6.004852e-02	6.004852e-02
3.910000e-01	5.240000e-01	1.854732e-01	3.637428e-02	3.637428e-02
5.240000e-01	6.950000e-01	9.432181e-02	2.287641e-02	2.287641e-02
6.950000e-01	9.180000e-01	4.680013e-02	1.411078e-02	1.411078e-02
9.180000e-01	1.153000e+00	1.211191e-02	6.992817e-03	6.992817e-03
1.153000e+00	1.496000e+00	1.659650e-02	6.775493e-03	6.775493e-03
1.496000e+00	1.947000e+00	6.311086e-03	3.643707e-03	3.643707e-03
1.947000e+00	2.522000e+00	1.650029e-03	1.650029e-03	1.650029e-03
2.522000e+00	3.277000e+00	0.000000e+00	0.000000e+00	0.000000e+00
3.277000e+00	5.000000e+00	1.651944e-03	9.537504e-04	9.537504e-04
5.000000e+00	1.000000e+01	0.000000e+00	0.000000e+00	0.000000e+00
# END HISTO1D


# BEGIN HISTO1D //afs/desy.de/user/m/mendizam/ATLAS/POWHEG/YODA_files/hdamp0008-0.yoda/ATLAS_2015_I1408516/d16-x01-y01
ErrorBars=1
LineColor=green
LineStyle=solid
Path=//afs/desy.de/user/m/mendizam/ATLAS/POWHEG/YODA_files/hdamp0008-0.yoda/ATLAS_2015_I1408516/d16-x01-y01
ScaledBy=8.52474206645304236e-07
Title= POWHEG+Pythia 8 (hdamp=0.008)
XLabel=~
YLabel=~
# xlow	 xhigh	 val	 errminus	 errplus
0.000000e+00	4.000000e-03	-9.225093e+00	1.634691e+01	1.634691e+01
4.000000e-03	8.000000e-03	3.597785e+01	1.155901e+01	1.155901e+01
8.000000e-03	1.200000e-02	1.014760e+01	1.047769e+01	1.047769e+01
1.200000e-02	1.600000e-02	1.752767e+01	8.094987e+00	8.094987e+00
1.600000e-02	2.000000e-02	2.029520e+01	5.978543e+00	5.978543e+00
2.000000e-02	2.400000e-02	1.107011e+01	5.052791e+00	5.052791e+00
2.400000e-02	2.900000e-02	1.549815e+01	4.109051e+00	4.109051e+00
2.900000e-02	3.400000e-02	3.690036e+00	2.858290e+00	2.858290e+00
3.400000e-02	3.900000e-02	1.476015e+01	3.300469e+00	3.300469e+00
3.900000e-02	4.500000e-02	4.920050e+00	1.944820e+00	1.944820e+00
4.500000e-02	5.100000e-02	8.610087e+00	2.301142e+00	2.301142e+00
5.100000e-02	5.700000e-02	6.150062e+00	2.301142e+00	2.301142e+00
5.700000e-02	6.400000e-02	7.907221e+00	2.297786e+00	2.297786e+00
6.400000e-02	7.200000e-02	2.306273e+00	1.031397e+00	1.031397e+00
7.200000e-02	8.100000e-02	2.460024e+00	1.004301e+00	1.004301e+00
8.100000e-02	9.100000e-02	3.321033e+00	1.107011e+00	1.107011e+00
9.100000e-02	1.020000e-01	1.341832e+00	6.709158e-01	6.709158e-01
1.020000e-01	1.140000e-01	2.460025e+00	8.697501e-01	8.697501e-01
1.140000e-01	1.280000e-01	1.581444e+00	6.456220e-01	6.456220e-01
1.280000e-01	1.450000e-01	1.085305e+00	4.853631e-01	4.853631e-01
1.450000e-01	1.650000e-01	3.690037e-01	2.609250e-01	2.609250e-01
1.650000e-01	1.890000e-01	4.612546e-01	2.663055e-01	2.663055e-01
1.890000e-01	2.190000e-01	1.107011e+00	3.690038e-01	3.690038e-01
2.190000e-01	2.580000e-01	9.461633e-01	2.992031e-01	2.992031e-01
2.580000e-01	3.120000e-01	2.050020e-01	1.183580e-01	1.183580e-01
3.120000e-01	3.910000e-01	2.335466e-01	1.044452e-01	1.044452e-01
3.910000e-01	5.240000e-01	8.323391e-02	4.805513e-02	4.805513e-02
5.240000e-01	6.950000e-01	6.473749e-02	3.737621e-02	3.737621e-02
6.950000e-01	9.180000e-01	3.309450e-02	2.340134e-02	2.340134e-02
9.180000e-01	1.153000e+00	1.570229e-02	1.570228e-02	1.570228e-02
1.153000e+00	1.496000e+00	1.075813e-02	1.075812e-02	1.075812e-02
1.496000e+00	1.947000e+00	0.000000e+00	0.000000e+00	0.000000e+00
1.947000e+00	2.522000e+00	0.000000e+00	0.000000e+00	0.000000e+00
2.522000e+00	3.277000e+00	0.000000e+00	0.000000e+00	0.000000e+00
3.277000e+00	5.000000e+00	0.000000e+00	0.000000e+00	0.000000e+00
5.000000e+00	1.000000e+01	0.000000e+00	0.000000e+00	0.000000e+00
# END HISTO1D

