# BEGIN PLOT
XTwosidedTicks=1
YTwosidedTicks=1
Title=$Z\rightarrow ee$, dressed level, $66\,\text{GeV}\leq m_{\ell\ell} < 116\,\text{GeV}$, $|y_{\ell\ell}| < 0.4$
RatioPlotReference=/ATLAS_2015_I1408516/d17-x01-y01
RatioPlot=1
LogX=1
LogY=1
LegendXPos=0.05
XLabel=$p_\text{T}^{\ell\ell}$ [GeV]
YLabel=$1/\sigma$ $\text{d}\sigma/\text{d} p_\text{T}^{\ell\ell}$
XMin=0.9
DrawOnly=/ATLAS_2015_I1408516/d17-x01-y01 //afs/desy.de/user/m/mendizam/ATLAS/POWHEG/YODA_files/hdampDef-0.yoda/ATLAS_2015_I1408516/d17-x01-y01 //afs/desy.de/user/m/mendizam/ATLAS/POWHEG/YODA_files/hdamp1-0.yoda/ATLAS_2015_I1408516/d17-x01-y01 //afs/desy.de/user/m/mendizam/ATLAS/POWHEG/YODA_files/hdamp0008-0.yoda/ATLAS_2015_I1408516/d17-x01-y01
LegendYPos=0.3
Legend=1
LegendOnly=/ATLAS_2015_I1408516/d17-x01-y01 //afs/desy.de/user/m/mendizam/ATLAS/POWHEG/YODA_files/hdampDef-0.yoda/ATLAS_2015_I1408516/d17-x01-y01 //afs/desy.de/user/m/mendizam/ATLAS/POWHEG/YODA_files/hdamp1-0.yoda/ATLAS_2015_I1408516/d17-x01-y01 //afs/desy.de/user/m/mendizam/ATLAS/POWHEG/YODA_files/hdamp0008-0.yoda/ATLAS_2015_I1408516/d17-x01-y01
# END PLOT

# BEGIN HISTO1D /ATLAS_2015_I1408516/d17-x01-y01
ConnectBins=0
ErrorBars=1
IsRef=1
Path=/ATLAS_2015_I1408516/d17-x01-y01
PolyMarker=*
Title=Data
# xlow	 xhigh	 val	 errminus	 errplus
0.000000e+00	2.000000e+00	2.622000e-02	2.528565e-04	2.528565e-04
2.000000e+00	4.000000e+00	5.438000e-02	2.772847e-04	2.772847e-04
4.000000e+00	6.000000e+00	5.513000e-02	2.968841e-04	2.968841e-04
6.000000e+00	8.000000e+00	4.896000e-02	2.636577e-04	2.636577e-04
8.000000e+00	1.000000e+01	4.127000e-02	2.476200e-04	2.476200e-04
1.000000e+01	1.300000e+01	3.293000e-02	1.544554e-04	1.544554e-04
1.300000e+01	1.600000e+01	2.532000e-02	1.363524e-04	1.363524e-04
1.600000e+01	2.000000e+01	1.920000e-02	1.033952e-04	1.033952e-04
2.000000e+01	2.500000e+01	1.377000e-02	6.310207e-05	6.310207e-05
2.500000e+01	3.000000e+01	9.812000e-03	5.003158e-05	5.003158e-05
3.000000e+01	3.700000e+01	6.865000e-03	3.696916e-05	3.696916e-05
3.700000e+01	4.500000e+01	4.627000e-03	3.400137e-05	3.400137e-05
4.500000e+01	5.500000e+01	3.029000e-03	2.675140e-05	2.675140e-05
5.500000e+01	6.500000e+01	1.926000e-03	1.964142e-05	1.964142e-05
6.500000e+01	7.500000e+01	1.275000e-03	1.582233e-05	1.582233e-05
7.500000e+01	8.500000e+01	8.504000e-04	1.134575e-05	1.134575e-05
8.500000e+01	1.050000e+02	4.956000e-04	5.800849e-06	5.800849e-06
1.050000e+02	1.500000e+02	1.896000e-04	2.235351e-06	2.235351e-06
1.500000e+02	2.000000e+02	5.379000e-05	9.347705e-07	9.347705e-07
2.000000e+02	9.000000e+02	2.288000e-06	5.395024e-08	5.395024e-08
# END HISTO1D


# BEGIN HISTO1D //afs/desy.de/user/m/mendizam/ATLAS/POWHEG/YODA_files/hdampDef-0.yoda/ATLAS_2015_I1408516/d17-x01-y01
ErrorBars=1
LineColor=red
LineStyle=solid
Path=//afs/desy.de/user/m/mendizam/ATLAS/POWHEG/YODA_files/hdampDef-0.yoda/ATLAS_2015_I1408516/d17-x01-y01
ScaledBy=8.14294155302488461e-09
Title= POWHEG+Pythia 8 (hdamp=Default)
XLabel=~
YLabel=~
# xlow	 xhigh	 val	 errminus	 errplus
0.000000e+00	2.000000e+00	2.190093e-02	3.324015e-04	3.324015e-04
2.000000e+00	4.000000e+00	6.526585e-02	5.751009e-04	5.751009e-04
4.000000e+00	6.000000e+00	6.120305e-02	5.580746e-04	5.580746e-04
6.000000e+00	8.000000e+00	5.214340e-02	5.158498e-04	5.158498e-04
8.000000e+00	1.000000e+01	4.184830e-02	4.641205e-04	4.641205e-04
1.000000e+01	1.300000e+01	3.297108e-02	3.367026e-04	3.367026e-04
1.300000e+01	1.600000e+01	2.500619e-02	2.940716e-04	2.940716e-04
1.600000e+01	2.000000e+01	1.879984e-02	2.204107e-04	2.204107e-04
2.000000e+01	2.500000e+01	1.299291e-02	1.645989e-04	1.645989e-04
2.500000e+01	3.000000e+01	9.264578e-03	1.385052e-04	1.385052e-04
3.000000e+01	3.700000e+01	6.373631e-03	9.712609e-05	9.712609e-05
3.700000e+01	4.500000e+01	4.326450e-03	7.488923e-05	7.488923e-05
4.500000e+01	5.500000e+01	2.685764e-03	5.293861e-05	5.293861e-05
5.500000e+01	6.500000e+01	1.593982e-03	4.061302e-05	4.061302e-05
6.500000e+01	7.500000e+01	9.531749e-04	3.139451e-05	3.139451e-05
7.500000e+01	8.500000e+01	6.608947e-04	2.615298e-05	2.615298e-05
8.500000e+01	1.050000e+02	3.902091e-04	1.410636e-05	1.410636e-05
1.050000e+02	1.500000e+02	1.350359e-04	5.571061e-06	5.571061e-06
1.500000e+02	2.000000e+02	3.756454e-05	2.761642e-06	2.761642e-06
2.000000e+02	9.000000e+02	1.334416e-06	1.383725e-07	1.383725e-07
# END HISTO1D


# BEGIN HISTO1D //afs/desy.de/user/m/mendizam/ATLAS/POWHEG/YODA_files/hdamp1-0.yoda/ATLAS_2015_I1408516/d17-x01-y01
ErrorBars=1
LineColor=blue
LineStyle=solid
Path=//afs/desy.de/user/m/mendizam/ATLAS/POWHEG/YODA_files/hdamp1-0.yoda/ATLAS_2015_I1408516/d17-x01-y01
ScaledBy=8.12317338320953062e-09
Title= POWHEG+Pythia 8 (hdamp=1.0)
XLabel=~
YLabel=~
# xlow	 xhigh	 val	 errminus	 errplus
0.000000e+00	2.000000e+00	2.236660e-02	3.358485e-04	3.358485e-04
2.000000e+00	4.000000e+00	6.473540e-02	5.724009e-04	5.724009e-04
4.000000e+00	6.000000e+00	6.321760e-02	5.665181e-04	5.665181e-04
6.000000e+00	8.000000e+00	5.366480e-02	5.242101e-04	5.242101e-04
8.000000e+00	1.000000e+01	4.385157e-02	4.741154e-04	4.741154e-04
1.000000e+01	1.300000e+01	3.339543e-02	3.391242e-04	3.391242e-04
1.300000e+01	1.600000e+01	2.531709e-02	2.955639e-04	2.955639e-04
1.600000e+01	2.000000e+01	1.842176e-02	2.183367e-04	2.183367e-04
2.000000e+01	2.500000e+01	1.294207e-02	1.638529e-04	1.638529e-04
2.500000e+01	3.000000e+01	9.024786e-03	1.369881e-04	1.369881e-04
3.000000e+01	3.700000e+01	6.188654e-03	9.579647e-05	9.579647e-05
3.700000e+01	4.500000e+01	3.857174e-03	7.046508e-05	7.046508e-05
4.500000e+01	5.500000e+01	2.394454e-03	4.985214e-05	4.985214e-05
5.500000e+01	6.500000e+01	1.504799e-03	3.931596e-05	3.931596e-05
6.500000e+01	7.500000e+01	9.537740e-04	3.110621e-05	3.110621e-05
7.500000e+01	8.500000e+01	6.211553e-04	2.518646e-05	2.518646e-05
8.500000e+01	1.050000e+02	3.461439e-04	1.318697e-05	1.318697e-05
1.050000e+02	1.500000e+02	1.282385e-04	5.398644e-06	5.398644e-06
1.500000e+02	2.000000e+02	3.887230e-05	2.790869e-06	2.790869e-06
2.000000e+02	9.000000e+02	1.588669e-06	1.507898e-07	1.507898e-07
# END HISTO1D


# BEGIN HISTO1D //afs/desy.de/user/m/mendizam/ATLAS/POWHEG/YODA_files/hdamp0008-0.yoda/ATLAS_2015_I1408516/d17-x01-y01
ErrorBars=1
LineColor=green
LineStyle=solid
Path=//afs/desy.de/user/m/mendizam/ATLAS/POWHEG/YODA_files/hdamp0008-0.yoda/ATLAS_2015_I1408516/d17-x01-y01
ScaledBy=8.14370100115611293e-09
Title= POWHEG+Pythia 8 (hdamp=0.008)
XLabel=~
YLabel=~
# xlow	 xhigh	 val	 errminus	 errplus
0.000000e+00	2.000000e+00	-4.205443e-02	4.570206e-03	4.570206e-03
2.000000e+00	4.000000e+00	1.428546e-01	2.284865e-03	2.284865e-03
4.000000e+00	6.000000e+00	9.367950e-02	1.500032e-03	1.500032e-03
6.000000e+00	8.000000e+00	5.945080e-02	1.141310e-03	1.141310e-03
8.000000e+00	1.000000e+01	4.147278e-02	9.384644e-04	9.384644e-04
1.000000e+01	1.300000e+01	3.045685e-02	6.499961e-04	6.499961e-04
1.300000e+01	1.600000e+01	2.033982e-02	5.200765e-04	5.200765e-04
1.600000e+01	2.000000e+01	1.498167e-02	3.827209e-04	3.827209e-04
2.000000e+01	2.500000e+01	9.482516e-03	2.640767e-04	2.640767e-04
2.500000e+01	3.000000e+01	6.718838e-03	2.194639e-04	2.194639e-04
3.000000e+01	3.700000e+01	4.784063e-03	1.553788e-04	1.553788e-04
3.700000e+01	4.500000e+01	3.005146e-03	1.154100e-04	1.154100e-04
4.500000e+01	5.500000e+01	1.892978e-03	8.168803e-05	8.168803e-05
5.500000e+01	6.500000e+01	1.120981e-03	6.305889e-05	6.305889e-05
6.500000e+01	7.500000e+01	7.684715e-04	5.204746e-05	5.204746e-05
7.500000e+01	8.500000e+01	5.393401e-04	4.360306e-05	4.360306e-05
8.500000e+01	1.050000e+02	3.119713e-04	2.344920e-05	2.344920e-05
1.050000e+02	1.500000e+02	1.237701e-04	9.846624e-06	9.846624e-06
1.500000e+02	2.000000e+02	4.371122e-05	5.551331e-06	5.551331e-06
2.000000e+02	9.000000e+02	1.611474e-06	2.848710e-07	2.848710e-07
# END HISTO1D

