# BEGIN PLOT
XTwosidedTicks=1
YTwosidedTicks=1
Title=$Z\rightarrow ee$, dressed level, $66\,\text{GeV}\leq m_{\ell\ell} < 116\,\text{GeV}$, $|y_{\ell\ell}| < 2.4$
RatioPlotReference=/ATLAS_2015_I1408516/d39-x01-y01
RatioPlot=1
LogX=1
LogY=1
LegendXPos=0.05
XLabel=$p_\text{T}^{\ell\ell}$ [GeV]
YLabel=$\text{d}\sigma/\text{d} p_\text{T}^{\ell\ell}$ [pb GeV$^{-1}$]
XMin=0.9
DrawOnly=/ATLAS_2015_I1408516/d39-x01-y01 //afs/desy.de/user/m/mendizam/ATLAS/POWHEG/YODA_files/hdampDef-0.yoda/ATLAS_2015_I1408516/d39-x01-y01 //afs/desy.de/user/m/mendizam/ATLAS/POWHEG/YODA_files/hdamp1-0.yoda/ATLAS_2015_I1408516/d39-x01-y01 //afs/desy.de/user/m/mendizam/ATLAS/POWHEG/YODA_files/hdamp0008-0.yoda/ATLAS_2015_I1408516/d39-x01-y01
LegendYPos=0.3
Legend=1
LegendOnly=/ATLAS_2015_I1408516/d39-x01-y01 //afs/desy.de/user/m/mendizam/ATLAS/POWHEG/YODA_files/hdampDef-0.yoda/ATLAS_2015_I1408516/d39-x01-y01 //afs/desy.de/user/m/mendizam/ATLAS/POWHEG/YODA_files/hdamp1-0.yoda/ATLAS_2015_I1408516/d39-x01-y01 //afs/desy.de/user/m/mendizam/ATLAS/POWHEG/YODA_files/hdamp0008-0.yoda/ATLAS_2015_I1408516/d39-x01-y01
# END PLOT

# BEGIN HISTO1D /ATLAS_2015_I1408516/d39-x01-y01
ConnectBins=0
ErrorBars=1
IsRef=1
Path=/ATLAS_2015_I1408516/d39-x01-y01
PolyMarker=*
Title=Data
# xlow	 xhigh	 val	 errminus	 errplus
0.000000e+00	2.000000e+00	1.375000e+01	4.211183e-01	4.211183e-01
2.000000e+00	4.000000e+00	2.868000e+01	8.459385e-01	8.459385e-01
4.000000e+00	6.000000e+00	2.902000e+01	8.475629e-01	8.475629e-01
6.000000e+00	8.000000e+00	2.547000e+01	7.438810e-01	7.438810e-01
8.000000e+00	1.000000e+01	2.153000e+01	6.288087e-01	6.288087e-01
1.000000e+01	1.200000e+01	1.808000e+01	5.280474e-01	5.280474e-01
1.200000e+01	1.400000e+01	1.519000e+01	4.436416e-01	4.436416e-01
1.400000e+01	1.600000e+01	1.282000e+01	3.755188e-01	3.755188e-01
1.600000e+01	1.800000e+01	1.094000e+01	3.210102e-01	3.210102e-01
1.800000e+01	2.000000e+01	9.396000e+00	2.757050e-01	2.757050e-01
2.000000e+01	2.250000e+01	7.960000e+00	2.358633e-01	2.358633e-01
2.250000e+01	2.500000e+01	6.637000e+00	1.987779e-01	1.987779e-01
2.500000e+01	2.750000e+01	5.654000e+00	1.682006e-01	1.682006e-01
2.750000e+01	3.000000e+01	4.836000e+00	1.470812e-01	1.470812e-01
3.000000e+01	3.300000e+01	4.048000e+00	1.231151e-01	1.231151e-01
3.300000e+01	3.600000e+01	3.457000e+00	1.064397e-01	1.064397e-01
3.600000e+01	3.900000e+01	2.919000e+00	9.128586e-02	9.128586e-02
3.900000e+01	4.200000e+01	2.502000e+00	7.860422e-02	7.860422e-02
4.200000e+01	4.500000e+01	2.154000e+00	6.882696e-02	6.882696e-02
4.500000e+01	4.800000e+01	1.875000e+00	6.023392e-02	6.023392e-02
4.800000e+01	5.100000e+01	1.613000e+00	5.181723e-02	5.181723e-02
5.100000e+01	5.400000e+01	1.427000e+00	4.667839e-02	4.667839e-02
5.400000e+01	5.700000e+01	1.243000e+00	4.090584e-02	4.090584e-02
5.700000e+01	6.100000e+01	1.060000e+00	3.467351e-02	3.467351e-02
6.100000e+01	6.500000e+01	8.972000e-01	2.994552e-02	2.994552e-02
6.500000e+01	7.000000e+01	7.591000e-01	2.518794e-02	2.518794e-02
7.000000e+01	7.500000e+01	6.000000e-01	2.032043e-02	2.032043e-02
7.500000e+01	8.000000e+01	4.979000e-01	1.672974e-02	1.672974e-02
8.000000e+01	8.500000e+01	4.092000e-01	1.391882e-02	1.391882e-02
8.500000e+01	9.500000e+01	3.027000e-01	9.859846e-03	9.859846e-03
9.500000e+01	1.050000e+02	2.173000e-01	7.024540e-03	7.024540e-03
1.050000e+02	1.250000e+02	1.366000e-01	4.330457e-03	4.330457e-03
1.250000e+02	1.500000e+02	7.046000e-02	2.248105e-03	2.248105e-03
1.500000e+02	1.750000e+02	3.569000e-02	1.186391e-03	1.186391e-03
1.750000e+02	2.000000e+02	2.024000e-02	7.109975e-04	7.109975e-04
2.000000e+02	2.500000e+02	9.242000e-03	3.334813e-04	3.334813e-04
2.500000e+02	3.000000e+02	3.468000e-03	1.472573e-04	1.472573e-04
3.000000e+02	3.500000e+02	1.483000e-03	7.962757e-05	7.962757e-05
3.500000e+02	4.000000e+02	6.297000e-04	4.007386e-05	4.007386e-05
4.000000e+02	4.700000e+02	2.945000e-04	2.482375e-05	2.482375e-05
4.700000e+02	5.500000e+02	9.920000e-05	1.105090e-05	1.105090e-05
5.500000e+02	6.500000e+02	3.401000e-05	5.540813e-06	5.540813e-06
6.500000e+02	9.000000e+02	7.920000e-06	1.607838e-06	1.607838e-06
# END HISTO1D


# BEGIN HISTO1D //afs/desy.de/user/m/mendizam/ATLAS/POWHEG/YODA_files/hdampDef-0.yoda/ATLAS_2015_I1408516/d39-x01-y01
ErrorBars=1
LineColor=red
LineStyle=solid
Path=//afs/desy.de/user/m/mendizam/ATLAS/POWHEG/YODA_files/hdampDef-0.yoda/ATLAS_2015_I1408516/d39-x01-y01
ScaledBy=9.99999999987650850e-07
Title= POWHEG+Pythia 8 (hdamp=Default)
XLabel=~
YLabel=~
# xlow	 xhigh	 val	 errminus	 errplus
0.000000e+00	2.000000e+00	1.267997e+01	8.866768e-02	8.866768e-02
2.000000e+00	4.000000e+00	3.568585e+01	1.488800e-01	1.488800e-01
4.000000e+00	6.000000e+00	3.333857e+01	1.442186e-01	1.442186e-01
6.000000e+00	8.000000e+00	2.794280e+01	1.323227e-01	1.323227e-01
8.000000e+00	1.000000e+01	2.262166e+01	1.193560e-01	1.193560e-01
1.000000e+01	1.200000e+01	1.863943e+01	1.083990e-01	1.083990e-01
1.200000e+01	1.400000e+01	1.539049e+01	9.870956e-02	9.870956e-02
1.400000e+01	1.600000e+01	1.298464e+01	9.056906e-02	9.056906e-02
1.600000e+01	1.800000e+01	1.101973e+01	8.344792e-02	8.344792e-02
1.800000e+01	2.000000e+01	9.284255e+00	7.668313e-02	7.668313e-02
2.000000e+01	2.250000e+01	7.729848e+00	6.266365e-02	6.266365e-02
2.250000e+01	2.500000e+01	6.441128e+00	5.711546e-02	5.711546e-02
2.500000e+01	2.750000e+01	5.455840e+00	5.251238e-02	5.251238e-02
2.750000e+01	3.000000e+01	4.525812e+00	4.786842e-02	4.786842e-02
3.000000e+01	3.300000e+01	3.906780e+00	4.062312e-02	4.062312e-02
3.300000e+01	3.600000e+01	3.210696e+00	3.679076e-02	3.679076e-02
3.600000e+01	3.900000e+01	2.781452e+00	3.424442e-02	3.424442e-02
3.900000e+01	4.200000e+01	2.295058e+00	3.111211e-02	3.111211e-02
4.200000e+01	4.500000e+01	1.965724e+00	2.880128e-02	2.880128e-02
4.500000e+01	4.800000e+01	1.730956e+00	2.704876e-02	2.704876e-02
4.800000e+01	5.100000e+01	1.433281e+00	2.464863e-02	2.464863e-02
5.100000e+01	5.400000e+01	1.263474e+00	2.308691e-02	2.308691e-02
5.400000e+01	5.700000e+01	1.125738e+00	2.172509e-02	2.172509e-02
5.700000e+01	6.100000e+01	9.398965e-01	1.721329e-02	1.721329e-02
6.100000e+01	6.500000e+01	7.869475e-01	1.577793e-02	1.577793e-02
6.500000e+01	7.000000e+01	6.241308e-01	1.255466e-02	1.255466e-02
7.000000e+01	7.500000e+01	4.965910e-01	1.118851e-02	1.118851e-02
7.500000e+01	8.000000e+01	4.225834e-01	1.033460e-02	1.033460e-02
8.000000e+01	8.500000e+01	3.357478e-01	9.240253e-03	9.240253e-03
8.500000e+01	9.500000e+01	2.521192e-01	5.633551e-03	5.633551e-03
9.500000e+01	1.050000e+02	1.733011e-01	4.666002e-03	4.666002e-03
1.050000e+02	1.250000e+02	1.042274e-01	2.554781e-03	2.554781e-03
1.250000e+02	1.500000e+02	5.338416e-02	1.639342e-03	1.639342e-03
1.500000e+02	1.750000e+02	2.792554e-02	1.184122e-03	1.184122e-03
1.750000e+02	2.000000e+02	1.460417e-02	8.488500e-04	8.488500e-04
2.000000e+02	2.500000e+02	6.685354e-03	4.076021e-04	4.076021e-04
2.500000e+02	3.000000e+02	2.195558e-03	2.353291e-04	2.353291e-04
3.000000e+02	3.500000e+02	9.867680e-04	1.560217e-04	1.560217e-04
3.500000e+02	4.000000e+02	3.453688e-04	9.230369e-05	9.230369e-05
4.000000e+02	4.700000e+02	1.762086e-04	5.572205e-05	5.572205e-05
4.700000e+02	5.500000e+02	4.625475e-05	2.670519e-05	2.670519e-05
5.500000e+02	6.500000e+02	2.466920e-05	1.744376e-05	1.744376e-05
6.500000e+02	9.000000e+02	0.000000e+00	0.000000e+00	0.000000e+00
# END HISTO1D


# BEGIN HISTO1D //afs/desy.de/user/m/mendizam/ATLAS/POWHEG/YODA_files/hdamp1-0.yoda/ATLAS_2015_I1408516/d39-x01-y01
ErrorBars=1
LineColor=blue
LineStyle=solid
Path=//afs/desy.de/user/m/mendizam/ATLAS/POWHEG/YODA_files/hdamp1-0.yoda/ATLAS_2015_I1408516/d39-x01-y01
ScaledBy=9.99999999994852324e-07
Title= POWHEG+Pythia 8 (hdamp=1.0)
XLabel=~
YLabel=~
# xlow	 xhigh	 val	 errminus	 errplus
0.000000e+00	2.000000e+00	1.310116e+01	9.013724e-02	9.013724e-02
2.000000e+00	4.000000e+00	3.672763e+01	1.510426e-01	1.510426e-01
4.000000e+00	6.000000e+00	3.418880e+01	1.461066e-01	1.461066e-01
6.000000e+00	8.000000e+00	2.844205e+01	1.337165e-01	1.337165e-01
8.000000e+00	1.000000e+01	2.317754e+01	1.207997e-01	1.207997e-01
1.000000e+01	1.200000e+01	1.888799e+01	1.092899e-01	1.092899e-01
1.200000e+01	1.400000e+01	1.563690e+01	9.939106e-02	9.939106e-02
1.400000e+01	1.600000e+01	1.302160e+01	9.090393e-02	9.090393e-02
1.600000e+01	1.800000e+01	1.082934e+01	8.275104e-02	8.275104e-02
1.800000e+01	2.000000e+01	9.145835e+00	7.608068e-02	7.608068e-02
2.000000e+01	2.250000e+01	7.787308e+00	6.292887e-02	6.292887e-02
2.250000e+01	2.500000e+01	6.362556e+00	5.687503e-02	5.687503e-02
2.500000e+01	2.750000e+01	5.319644e+00	5.195510e-02	5.195510e-02
2.750000e+01	3.000000e+01	4.450876e+00	4.749880e-02	4.749880e-02
3.000000e+01	3.300000e+01	3.665077e+00	3.940902e-02	3.940902e-02
3.300000e+01	3.600000e+01	3.118295e+00	3.632483e-02	3.632483e-02
3.600000e+01	3.900000e+01	2.589603e+00	3.300961e-02	3.300961e-02
3.900000e+01	4.200000e+01	2.185478e+00	3.036678e-02	3.036678e-02
4.200000e+01	4.500000e+01	1.793687e+00	2.739076e-02	2.739076e-02
4.500000e+01	4.800000e+01	1.552775e+00	2.559160e-02	2.559160e-02
4.800000e+01	5.100000e+01	1.331596e+00	2.371308e-02	2.371308e-02
5.100000e+01	5.400000e+01	1.181951e+00	2.227992e-02	2.227992e-02
5.400000e+01	5.700000e+01	1.004350e+00	2.051039e-02	2.051039e-02
5.700000e+01	6.100000e+01	8.466880e-01	1.630390e-02	1.630390e-02
6.100000e+01	6.500000e+01	7.230455e-01	1.506430e-02	1.506430e-02
6.500000e+01	7.000000e+01	5.929898e-01	1.220446e-02	1.220446e-02
7.000000e+01	7.500000e+01	4.575692e-01	1.069243e-02	1.069243e-02
7.500000e+01	8.000000e+01	3.862820e-01	9.829651e-03	9.829651e-03
8.000000e+01	8.500000e+01	3.080884e-01	8.759320e-03	8.759320e-03
8.500000e+01	9.500000e+01	2.159578e-01	5.187364e-03	5.187364e-03
9.500000e+01	1.050000e+02	1.595942e-01	4.440024e-03	4.440024e-03
1.050000e+02	1.250000e+02	9.324050e-02	2.410541e-03	2.410541e-03
1.250000e+02	1.500000e+02	5.002428e-02	1.578675e-03	1.578675e-03
1.500000e+02	1.750000e+02	2.575214e-02	1.129298e-03	1.129298e-03
1.750000e+02	2.000000e+02	1.489875e-02	8.601607e-04	8.601607e-04
2.000000e+02	2.500000e+02	6.240700e-03	3.923495e-04	3.923495e-04
2.500000e+02	3.000000e+02	2.343346e-03	2.404222e-04	2.404222e-04
3.000000e+02	3.500000e+02	1.307340e-03	1.795770e-04	1.795770e-04
3.500000e+02	4.000000e+02	6.906704e-04	1.305244e-04	1.305244e-04
4.000000e+02	4.700000e+02	1.938106e-04	5.843608e-05	5.843608e-05
4.700000e+02	5.500000e+02	1.850010e-04	5.340519e-05	5.340519e-05
5.500000e+02	6.500000e+02	0.000000e+00	0.000000e+00	0.000000e+00
6.500000e+02	9.000000e+02	4.933360e-06	4.933361e-06	4.933361e-06
# END HISTO1D


# BEGIN HISTO1D //afs/desy.de/user/m/mendizam/ATLAS/POWHEG/YODA_files/hdamp0008-0.yoda/ATLAS_2015_I1408516/d39-x01-y01
ErrorBars=1
LineColor=green
LineStyle=solid
Path=//afs/desy.de/user/m/mendizam/ATLAS/POWHEG/YODA_files/hdamp0008-0.yoda/ATLAS_2015_I1408516/d39-x01-y01
ScaledBy=1.00000000000103333e-06
Title= POWHEG+Pythia 8 (hdamp=0.008)
XLabel=~
YLabel=~
# xlow	 xhigh	 val	 errminus	 errplus
0.000000e+00	2.000000e+00	-1.748979e+01	1.157218e+00	1.157218e+00
2.000000e+00	4.000000e+00	7.643260e+01	5.781464e-01	5.781464e-01
4.000000e+00	6.000000e+00	4.905409e+01	3.784326e-01	3.784326e-01
6.000000e+00	8.000000e+00	3.241271e+01	2.944416e-01	2.944416e-01
8.000000e+00	1.000000e+01	2.293303e+01	2.440013e-01	2.440013e-01
1.000000e+01	1.200000e+01	1.693789e+01	2.089428e-01	2.089428e-01
1.200000e+01	1.400000e+01	1.303131e+01	1.810662e-01	1.810662e-01
1.400000e+01	1.600000e+01	1.054669e+01	1.619187e-01	1.619187e-01
1.600000e+01	1.800000e+01	8.678885e+00	1.449926e-01	1.449926e-01
1.800000e+01	2.000000e+01	7.172525e+00	1.298225e-01	1.298225e-01
2.000000e+01	2.250000e+01	5.950988e+00	1.043619e-01	1.043619e-01
2.250000e+01	2.500000e+01	4.808232e+00	9.206029e-02	9.206029e-02
2.500000e+01	2.750000e+01	4.132968e+00	8.515837e-02	8.515837e-02
2.750000e+01	3.000000e+01	3.241271e+00	7.523335e-02	7.523335e-02
3.000000e+01	3.300000e+01	2.757331e+00	6.317413e-02	6.317413e-02
3.300000e+01	3.600000e+01	2.399498e+00	5.884023e-02	5.884023e-02
3.600000e+01	3.900000e+01	1.939222e+00	5.293596e-02	5.293596e-02
3.900000e+01	4.200000e+01	1.683833e+00	4.933277e-02	4.933277e-02
4.200000e+01	4.500000e+01	1.427002e+00	4.537601e-02	4.537601e-02
4.500000e+01	4.800000e+01	1.181713e+00	4.129240e-02	4.129240e-02
4.800000e+01	5.100000e+01	1.134098e+00	4.045195e-02	4.045195e-02
5.100000e+01	5.400000e+01	9.032387e-01	3.621583e-02	3.621583e-02
5.400000e+01	5.700000e+01	7.863660e-01	3.368422e-02	3.368422e-02
5.700000e+01	6.100000e+01	7.142222e-01	2.784315e-02	2.784315e-02
6.100000e+01	6.500000e+01	6.049248e-01	2.558559e-02	2.558559e-02
6.500000e+01	7.000000e+01	4.700882e-01	2.017341e-02	2.017341e-02
7.000000e+01	7.500000e+01	4.224734e-01	1.912447e-02	1.912447e-02
7.500000e+01	8.000000e+01	3.203178e-01	1.665253e-02	1.665253e-02
8.000000e+01	8.500000e+01	2.830918e-01	1.565501e-02	1.565501e-02
8.500000e+01	9.500000e+01	2.038780e-01	9.394202e-03	9.394202e-03
9.500000e+01	1.050000e+02	1.389487e-01	7.755360e-03	7.755360e-03
1.050000e+02	1.250000e+02	9.631180e-02	4.565617e-03	4.565617e-03
1.250000e+02	1.500000e+02	4.830740e-02	2.892088e-03	2.892088e-03
1.500000e+02	1.750000e+02	2.597172e-02	2.120582e-03	2.120582e-03
1.750000e+02	2.000000e+02	1.454416e-02	1.586898e-03	1.586898e-03
2.000000e+02	2.500000e+02	6.839220e-03	7.694723e-04	7.694723e-04
2.500000e+02	3.000000e+02	2.510600e-03	4.662066e-04	4.662066e-04
3.000000e+02	3.500000e+02	1.385158e-03	3.462896e-04	3.462896e-04
3.500000e+02	4.000000e+02	8.657240e-04	2.737660e-04	2.737660e-04
4.000000e+02	4.700000e+02	3.091871e-04	1.382727e-04	1.382727e-04
4.700000e+02	5.500000e+02	2.705388e-04	1.209886e-04	1.209886e-04
5.500000e+02	6.500000e+02	4.328620e-05	4.328620e-05	4.328620e-05
6.500000e+02	9.000000e+02	0.000000e+00	0.000000e+00	0.000000e+00
# END HISTO1D

